countryterritoryCode,continentExp,countriesAndTerritories,dateRep,total_cases,cases,new_cases_smoothed,total_deaths,deaths,new_deaths_smoothed,total_cases_per_million,new_cases_per_million,new_cases_smoothed_per_million,total_deaths_per_million,new_deaths_per_million,new_deaths_smoothed_per_million,reproduction_rate,icu_patients,icu_patients_per_million,hosp_patients,hosp_patients_per_million,weekly_icu_admissions,weekly_icu_admissions_per_million,weekly_hosp_admissions,weekly_hosp_admissions_per_million,new_tests,total_tests,total_tests_per_thousand,new_tests_per_thousand,new_tests_smoothed,new_tests_smoothed_per_thousand,positive_rate,tests_per_case,tests_units,total_vaccinations,people_vaccinated,people_fully_vaccinated,new_vaccinations,new_vaccinations_smoothed,total_vaccinations_per_hundred,people_vaccinated_per_hundred,people_fully_vaccinated_per_hundred,new_vaccinations_smoothed_per_million,stringency_index,popData2019,population_density,median_age,aged_65_older,aged_70_older,gdp_per_capita,extreme_poverty,cardiovasc_death_rate,diabetes_prevalence,female_smokers,male_smokers,handwashing_facilities,hospital_beds_per_thousand,life_expectancy,human_development_index,excess_mortality
OWID_WRL,,World,2020-07-01,10675596,217608,179927,541738,5310,4711,1370,28,23,70,1,1,1,,,,,,,,,,,,,,,,,,,,,,,,,,,,7794798729,58,31,9,5,15469,10,233,9,6,35,60,3,73,1,
OWID_WRL,,World,2020-07-02,10885548,209952,184435,547161,5423,4766,1397,27,24,70,1,1,1,,,,,,,,,,,,,,,,,,,,,,,,,,,,7794798729,58,31,9,5,15469,10,233,9,6,35,60,3,73,1,
OWID_WRL,,World,2020-07-03,11086923,201375,185832,552455,5294,4796,1422,26,24,71,1,1,1,,,,,,,,,,,,,,,,,,,,,,,,,,,,7794798729,58,31,9,5,15469,10,233,9,6,35,60,3,73,1,
OWID_WRL,,World,2020-07-04,11280744,193821,188075,557248,4793,4795,1447,25,24,71,1,1,1,,,,,,,,,,,,,,,,,,,,,,,,,,,,7794798729,58,31,9,5,15469,10,233,9,6,35,60,3,73,1,
OWID_WRL,,World,2020-07-05,11464726,183982,190948,561077,3829,4840,1471,24,24,72,0,1,1,,,,,,,,,,,,,,,,,,,,,,,,,,,,7794798729,58,31,9,5,15469,10,233,9,6,35,60,3,73,1,
OWID_WRL,,World,2020-07-06,11628722,163996,192181,565315,4238,4871,1492,21,25,73,1,1,1,,,,,,,,,,,,,,,,,,,,,,,,,,,,7794798729,58,31,9,5,15469,10,233,9,6,35,60,3,73,1,
OWID_WRL,,World,2020-07-07,11840091,211369,197443,571655,6340,5032,1519,27,25,73,1,1,1,,,,,,,,,,,,,,,,,,,,,,,,,,,,7794798729,58,31,9,5,15469,10,233,9,6,35,60,3,73,1,
OWID_WRL,,World,2020-07-08,12054250,214159,196951,577284,5629,5078,1546,27,25,74,1,1,1,,,,,,,,,,,,,,,,,,,,,,,,,,,,7794798729,58,31,9,5,15469,10,233,9,6,35,60,3,73,1,
OWID_WRL,,World,2020-07-09,12281090,226840,199363,583073,5789,5130,1576,29,26,75,1,1,1,,,,,,,,,,,,,,,,,,,,,,,,,,,,7794798729,58,31,9,5,15469,10,233,9,6,35,60,3,73,1,
OWID_WRL,,World,2020-07-10,12513766,232676,203835,588704,5631,5178,1605,30,26,76,1,1,1,,,,,,,,,,,,,,,,,,,,,,,,,,,,7794798729,58,31,9,5,15469,10,233,9,6,35,60,3,73,1,
OWID_WRL,,World,2020-07-11,12730232,216466,207070,593916,5212,5238,1633,28,27,76,1,1,1,,,,,,,,,,,,,,,,,,,,,,,,,,,,7794798729,58,31,9,5,15469,10,233,9,6,35,60,3,73,1,
OWID_WRL,,World,2020-07-12,12922492,192260,208252,598291,4375,5316,1658,25,27,77,1,1,1,,,,,,,,,,,,,,,,,,,,,,,,,,,,7794798729,58,31,9,5,15469,10,233,9,6,35,60,3,73,1,
OWID_WRL,,World,2020-07-13,13113970,191478,212178,602606,4315,5327,1682,25,27,77,1,1,1,,,,,,,,,,,,,,,,,,,,,,,,,,,,7794798729,58,31,9,5,15469,10,233,9,6,35,60,3,73,1,
OWID_WRL,,World,2020-07-14,13336173,222203,213726,608610,6004,5279,1711,29,27,78,1,1,1,,,,,,,,,,,,,,,,,,,,,,,,,,,,7794798729,58,31,9,5,15469,10,233,9,6,35,60,3,73,1,
OWID_WRL,,World,2020-07-15,13567611,231438,216194,614465,5855,5312,1741,30,28,79,1,1,1,,,,,,,,,,,,,,,,,,,,,,,,,,,,7794798729,58,31,9,5,15469,10,233,9,6,35,60,3,73,1,
OWID_WRL,,World,2020-07-16,13818969,251358,219697,620648,6183,5368,1773,32,28,80,1,1,1,,,,,,,,,,,,,,,,,,,,,,,,,,,,7794798729,58,31,9,5,15469,10,233,9,6,35,60,3,73,1,
OWID_WRL,,World,2020-07-17,14061686,242717,221131,627691,7043,5570,1804,31,28,81,1,1,1,,,,,,,,,,,,,,,,,,,,,,,,,,,,7794798729,58,31,9,5,15469,10,233,9,6,35,60,3,73,1,
OWID_WRL,,World,2020-07-18,14297865,236179,223948,634264,6573,5764,1834,30,29,81,1,1,1,,,,,,,,,,,,,,,,,,,,,,,,,,,,7794798729,58,31,9,5,15469,10,233,9,6,35,60,3,73,1,
OWID_WRL,,World,2020-07-19,14511279,213414,226970,638945,4681,5808,1862,27,29,82,1,1,1,,,,,,,,,,,,,,,,,,,,,,,,,,,,7794798729,58,31,9,5,15469,10,233,9,6,35,60,3,73,1,
OWID_WRL,,World,2020-07-20,14718412,207133,229206,642972,4027,5767,1888,27,29,82,1,1,1,,,,,,,,,,,,,,,,,,,,,,,,,,,,7794798729,58,31,9,5,15469,10,233,9,6,35,60,3,73,1,
OWID_WRL,,World,2020-07-21,14952034,233622,230837,649371,6399,5823,1918,30,30,83,1,1,1,,,,,,,,,,,,,,,,,,,,,,,,,,,,7794798729,58,31,9,5,15469,10,233,9,6,35,60,3,73,1,
OWID_WRL,,World,2020-07-22,15231917,279883,237758,656727,7356,6037,1954,36,31,84,1,1,1,,,,,,,,,,,,,,,,,,,,,,,,,,,,7794798729,58,31,9,5,15469,10,233,9,6,35,60,3,73,1,
OWID_WRL,,World,2020-07-23,15514776,282859,242258,663350,6623,6100,1990,36,31,85,1,1,1,,,,,,,,,,,,,,,,,,,,,,,,,,,,7794798729,58,31,9,5,15469,10,233,9,6,35,60,3,73,1,
OWID_WRL,,World,2020-07-24,15795846,281070,247737,669807,6457,6017,2026,36,32,86,1,1,1,,,,,,,,,,,,,,,,,,,,,,,,,,,,7794798729,58,31,9,5,15469,10,233,9,6,35,60,3,73,1,
OWID_WRL,,World,2020-07-25,16049938,254092,250296,675957,6150,5956,2059,33,32,87,1,1,1,,,,,,,,,,,,,,,,,,,,,,,,,,,,7794798729,58,31,9,5,15469,10,233,9,6,35,60,3,73,1,
OWID_WRL,,World,2020-07-26,16263015,213077,250248,680284,4327,5906,2086,27,32,87,1,1,1,,,,,,,,,,,,,,,,,,,,,,,,,,,,7794798729,58,31,9,5,15469,10,233,9,6,35,60,3,73,1,
OWID_WRL,,World,2020-07-27,16489477,226462,253009,685516,5232,6078,2115,29,32,88,1,1,1,,,,,,,,,,,,,,,,,,,,,,,,,,,,7794798729,58,31,9,5,15469,10,233,9,6,35,60,3,73,1,
OWID_WRL,,World,2020-07-28,16742217,252740,255740,692238,6722,6124,2148,32,33,89,1,1,1,,,,,,,,,,,,,,,,,,,,,,,,,,,,7794798729,58,31,9,5,15469,10,233,9,6,35,60,3,73,1,
OWID_WRL,,World,2020-07-29,17033965,291748,257435,699247,7009,6074,2185,37,33,90,1,1,1,,,,,,,,,,,,,,,,,,,,,,,,,,,,7794798729,58,31,9,5,15469,10,233,9,6,35,60,3,73,1,
OWID_WRL,,World,2020-07-30,17314074,280109,257043,705891,6644,6077,2221,36,33,91,1,1,1,,,,,,,,,,,,,,,,,,,,,,,,,,,,7794798729,58,31,9,5,15469,10,233,9,6,35,60,3,73,1,
OWID_WRL,,World,2020-07-31,17604811,290737,258424,712472,6581,6095,2259,37,33,91,1,1,1,,,,,,,,,,,,,,,,,,,,,,,,,,,,7794798729,58,31,9,5,15469,10,233,9,6,35,60,3,73,1,
OWID_WRL,,World,2020-08-01,17853166,248355,257604,718553,6081,6085,2290,32,33,92,1,1,1,,,,,,,,,,,,,,,,,,,,,,,,,,,,7794798729,58,31,9,5,15469,10,233,9,6,35,60,3,73,1,
OWID_WRL,,World,2020-08-02,18084181,231015,260167,722958,4405,6096,2320,30,33,93,1,1,1,,,,,,,,,,,,,,,,,,,,,,,,,,,,7794798729,58,31,9,5,15469,10,233,9,6,35,60,3,73,1,
OWID_WRL,,World,2020-08-03,18290628,206447,257307,728024,5066,6073,2347,26,33,93,1,1,1,,,,,,,,,,,,,,,,,,,,,,,,,,,,7794798729,58,31,9,5,15469,10,233,9,6,35,60,3,73,1,
OWID_WRL,,World,2020-08-04,18548543,257915,258047,735018,6994,6111,2380,33,33,94,1,1,1,,,,,,,,,,,,,,,,,,,,,,,,,,,,7794798729,58,31,9,5,15469,10,233,9,6,35,60,3,73,1,
OWID_WRL,,World,2020-08-05,18825127,276584,255880,742507,7489,6180,2415,35,33,95,1,1,1,,,,,,,,,,,,,,,,,,,,,,,,,,,,7794798729,58,31,9,5,15469,10,233,9,6,35,60,3,73,1,
OWID_WRL,,World,2020-08-06,19110321,285194,256607,749396,6889,6215,2452,37,33,96,1,1,1,,,,,,,,,,,,,,,,,,,,,,,,,,,,7794798729,58,31,9,5,15469,10,233,9,6,35,60,3,73,1,
OWID_WRL,,World,2020-08-07,19392566,282245,255394,756093,6697,6232,2488,36,33,97,1,1,1,,,,,,,,,,,,,,,,,,,,,,,,,,,,7794798729,58,31,9,5,15469,10,233,9,6,35,60,3,73,1,
OWID_WRL,,World,2020-08-08,19651099,258533,256848,762161,6068,6230,2521,33,33,98,1,1,1,,,,,,,,,,,,,,,,,,,,,,,,,,,,7794798729,58,31,9,5,15469,10,233,9,6,35,60,3,73,1,
OWID_WRL,,World,2020-08-09,19875797,224698,255945,766961,4800,6286,2550,29,33,98,1,1,1,,,,,,,,,,,,,,,,,,,,,,,,,,,,7794798729,58,31,9,5,15469,10,233,9,6,35,60,3,73,1,
OWID_WRL,,World,2020-08-10,20101808,226011,258740,772689,5728,6381,2579,29,33,99,1,1,1,,,,,,,,,,,,,,,,,,,,,,,,,,,,7794798729,58,31,9,5,15469,10,233,9,6,35,60,3,73,1,
OWID_WRL,,World,2020-08-11,20359380,257572,258691,779302,6613,6326,2612,33,33,100,1,1,1,,,,,,,,,,,,,,,,,,,,,,,,,,,,7794798729,58,31,9,5,15469,10,233,9,6,35,60,3,73,1,
OWID_WRL,,World,2020-08-12,20636018,276638,258699,786248,6946,6249,2647,35,33,101,1,1,1,,,,,,,,,,,,,,,,,,,,,,,,,,,,7794798729,58,31,9,5,15469,10,233,9,6,35,60,3,73,1,
OWID_WRL,,World,2020-08-13,20925236,289218,259274,793079,6831,6240,2685,37,33,102,1,1,1,,,,,,,,,,,,,,,,,,,,,,,,,,,,7794798729,58,31,9,5,15469,10,233,9,6,35,60,3,73,1,
OWID_WRL,,World,2020-08-14,21228980,303744,262345,799743,6664,6236,2723,39,34,103,1,1,1,,,,,,,,,,,,,,,,,,,,,,,,,,,,7794798729,58,31,9,5,15469,10,233,9,6,35,60,3,73,1,
OWID_WRL,,World,2020-08-15,21476718,247738,260803,805748,6005,6227,2755,32,33,103,1,1,1,,,,,,,,,,,,,,,,,,,,,,,,,,,,7794798729,58,31,9,5,15469,10,233,9,6,35,60,3,73,1,
OWID_WRL,,World,2020-08-16,21691208,214490,259344,810375,4627,6202,2783,28,33,104,1,1,1,,,,,,,,,,,,,,,,,,,,,,,,,,,,7794798729,58,31,9,5,15469,10,233,9,6,35,60,3,73,1,
OWID_WRL,,World,2020-08-17,21898916,207708,256730,814899,4524,6030,2809,27,33,105,1,1,1,,,,,,,,,,,,,,,,,,,,,,,,,,,,7794798729,58,31,9,5,15469,10,233,9,6,35,60,3,73,1,
OWID_WRL,,World,2020-08-18,22157171,258255,256827,822116,7217,6116,2843,33,33,105,1,1,1,,,,,,,,,,,,,,,,,,,,,,,,,,,,7794798729,58,31,9,5,15469,10,233,9,6,35,60,3,73,1,
OWID_WRL,,World,2020-08-19,22436722,279551,257243,829235,7119,6141,2878,36,33,106,1,1,1,,,,,,,,,,,,,,,,,,,,,,,,,,,,7794798729,58,31,9,5,15469,10,233,9,6,35,60,3,73,1,
OWID_WRL,,World,2020-08-20,22709277,272555,254863,835647,6412,6081,2913,35,33,107,1,1,1,,,,,,,,,,,,,,,,,,,,,,,,,,,,7794798729,58,31,9,5,15469,10,233,9,6,35,60,3,73,1,
OWID_WRL,,World,2020-08-21,22970496,261219,248788,841382,5735,5948,2947,34,32,108,1,1,1,,,,,,,,,,,,,,,,,,,,,,,,,,,,7794798729,58,31,9,5,15469,10,233,9,6,35,60,3,73,1,
OWID_WRL,,World,2020-08-22,23234766,264270,251150,847190,5808,5920,2981,34,32,109,1,1,1,,,,,,,,,,,,,,,,,,,,,,,,,,,,7794798729,58,31,9,5,15469,10,233,9,6,35,60,3,73,1,
OWID_WRL,,World,2020-08-23,23440930,206164,249960,851451,4261,5868,3007,26,32,109,1,1,1,,,,,,,,,,,,,,,,,,,,,,,,,,,,7794798729,58,31,9,5,15469,10,233,9,6,35,60,3,73,1,
OWID_WRL,,World,2020-08-24,23666158,225228,252463,856274,4823,5911,3036,29,32,110,1,1,1,,,,,,,,,,,,,,,,,,,,,,,,,,,,7794798729,58,31,9,5,15469,10,233,9,6,35,60,3,73,1,
OWID_WRL,,World,2020-08-25,23910153,243995,250426,862908,6634,5827,3067,31,32,111,1,1,1,,,,,,,,,,,,,,,,,,,,,,,,,,,,7794798729,58,31,9,5,15469,10,233,9,6,35,60,3,73,1,
OWID_WRL,,World,2020-08-26,24193952,283799,251033,869467,6559,5747,3104,36,32,112,1,1,1,,,,,,,,,,,,,,,,,,,,,,,,,,,,7794798729,58,31,9,5,15469,10,233,9,6,35,60,3,73,1,
OWID_WRL,,World,2020-08-27,24477860,283908,252655,875682,6215,5719,3140,36,32,112,1,1,1,,,,,,,,,,,,,,,,,,,,,,,,,,,,7794798729,58,31,9,5,15469,10,233,9,6,35,60,3,73,1,
OWID_WRL,,World,2020-08-28,24761471,283611,255854,881544,5862,5737,3177,36,33,113,1,1,1,,,,,,,,,,,,,,,,,,,,,,,,,,,,7794798729,58,31,9,5,15469,10,233,9,6,35,60,3,73,1,
OWID_WRL,,World,2020-08-29,25025287,263816,255789,887168,5624,5711,3211,34,33,114,1,1,1,,,,,,,,,,,,,,,,,,,,,,,,,,,,7794798729,58,31,9,5,15469,10,233,9,6,35,60,3,73,1,
OWID_WRL,,World,2020-08-30,25246275,220988,257906,891490,4322,5720,3239,28,33,114,1,1,1,,,,,,,,,,,,,,,,,,,,,,,,,,,,7794798729,58,31,9,5,15469,10,233,9,6,35,60,3,73,1,
OWID_WRL,,World,2020-08-31,25509140,262865,263283,895871,4381,5657,3273,34,34,115,1,1,1,,,,,,,,,,,,,,,,,,,,,,,,,,,,7794798729,58,31,9,5,15469,10,233,9,6,35,60,3,73,1,
OWID_WRL,,World,2020-09-01,25774047,264907,266271,902540,6669,5662,3307,34,34,116,1,1,1,,,,,,,,,,,,,,,,,,,,,,,,,,,,7794798729,58,31,9,5,15469,10,233,9,6,35,60,3,73,1,
OWID_WRL,,World,2020-09-02,26057555,283508,266229,908896,6356,5633,3343,36,34,117,1,1,1,,,,,,,,,,,,,,,,,,,,,,,,,,,,7794798729,58,31,9,5,15469,10,233,9,6,35,60,3,73,1,
OWID_WRL,,World,2020-09-03,26339015,281460,265879,914973,6077,5613,3379,36,34,117,1,1,1,,,,,,,,,,,,,,,,,,,,,,,,,,,,7794798729,58,31,9,5,15469,10,233,9,6,35,60,3,73,1,
OWID_WRL,,World,2020-09-04,26653020,314005,270221,920862,5889,5617,3419,40,35,118,1,1,1,,,,,,,,,,,,,,,,,,,,,,,,,,,,7794798729,58,31,9,5,15469,10,233,9,6,35,60,3,73,1,
OWID_WRL,,World,2020-09-05,26923081,270061,271113,926014,5152,5549,3454,35,35,119,1,1,1,,,,,,,,,,,,,,,,,,,,,,,,,,,,7794798729,58,31,9,5,15469,10,233,9,6,35,60,3,73,1,
OWID_WRL,,World,2020-09-06,27153595,230514,272474,930087,4073,5514,3484,30,35,119,1,1,1,,,,,,,,,,,,,,,,,,,,,,,,,,,,7794798729,58,31,9,5,15469,10,233,9,6,35,60,3,73,1,
OWID_WRL,,World,2020-09-07,27371523,217928,266055,939682,9595,6259,3512,28,34,121,1,1,1,,,,,,,,,,,,,,,,,,,,,,,,,,,,7794798729,58,31,9,5,15469,10,233,9,6,35,60,3,73,1,
OWID_WRL,,World,2020-09-08,27613555,242032,262787,944793,5111,6036,3543,31,34,121,1,1,1,,,,,,,,,,,,,,,,,,,,,,,,,,,,7794798729,58,31,9,5,15469,10,233,9,6,35,60,3,73,1,
OWID_WRL,,World,2020-09-09,27898369,284814,262973,951069,6276,6025,3579,37,34,122,1,1,1,,,,,,,,,,,,,,,,,,,,,,,,,,,,7794798729,58,31,9,5,15469,10,233,9,6,35,60,3,73,1,
OWID_WRL,,World,2020-09-10,28198228,299859,265602,957089,6020,6017,3618,38,34,123,1,1,1,,,,,,,,,,,,,,,,,,,,,,,,,,,,7794798729,58,31,9,5,15469,10,233,9,6,35,60,3,73,1,
OWID_WRL,,World,2020-09-11,28519589,321361,266653,963114,6025,6036,3659,41,34,124,1,1,1,,,,,,,,,,,,,,,,,,,,,,,,,,,,7794798729,58,31,9,5,15469,10,233,9,6,35,60,3,73,1,
OWID_WRL,,World,2020-09-12,28806206,286617,269018,968171,5057,6022,3696,37,35,124,1,1,1,,,,,,,,,,,,,,,,,,,,,,,,,,,,7794798729,58,31,9,5,15469,10,233,9,6,35,60,3,73,1,
OWID_WRL,,World,2020-09-13,29048946,242740,270764,972113,3942,6004,3727,31,35,125,1,1,1,,,,,,,,,,,,,,,,,,,,,,,,,,,,7794798729,58,31,9,5,15469,10,233,9,6,35,60,3,73,1,
OWID_WRL,,World,2020-09-14,29312693,263747,277310,976651,4538,5281,3761,34,36,125,1,1,1,,,,,,,,,,,,,,,,,,,,,,,,,,,,7794798729,58,31,9,5,15469,10,233,9,6,35,60,3,73,1,
OWID_WRL,,World,2020-09-15,29598140,285447,283512,983260,6609,5495,3797,37,36,126,1,1,1,,,,,,,,,,,,,,,,,,,,,,,,,,,,7794798729,58,31,9,5,15469,10,233,9,6,35,60,3,73,1,
OWID_WRL,,World,2020-09-16,29902687,304547,286331,989209,5949,5449,3836,39,37,127,1,1,1,,,,,,,,,,,,,,,,,,,,,,,,,,,,7794798729,58,31,9,5,15469,10,233,9,6,35,60,3,73,1,
OWID_WRL,,World,2020-09-17,30217566,314879,288477,994807,5598,5388,3877,40,37,128,1,1,1,,,,,,,,,,,,,,,,,,,,,,,,,,,,7794798729,58,31,9,5,15469,10,233,9,6,35,60,3,73,1,
OWID_WRL,,World,2020-09-18,30543485,325919,289128,1000626,5819,5359,3918,42,37,128,1,1,1,,,,,,,,,,,,,,,,,,,,,,,,,,,,7794798729,58,31,9,5,15469,10,233,9,6,35,60,3,73,1,
OWID_WRL,,World,2020-09-19,30835647,292162,289920,1006014,5388,5406,3956,37,37,129,1,1,1,,,,,,,,,,,,,,,,,,,,,,,,,,,,7794798729,58,31,9,5,15469,10,233,9,6,35,60,3,73,1,
OWID_WRL,,World,2020-09-20,31087793,252146,291264,1009951,3937,5405,3988,32,37,130,1,1,1,,,,,,,,,,,,,,,,,,,,,,,,,,,,7794798729,58,31,9,5,15469,10,233,9,6,35,60,3,73,1,
OWID_WRL,,World,2020-09-21,31363785,275992,293013,1014291,4340,5377,4024,35,38,130,1,1,1,,,,,,,,,,,,,,,,,,,,,,,,,,,,7794798729,58,31,9,5,15469,10,233,9,6,35,60,3,73,1,
OWID_WRL,,World,2020-09-22,31648303,284518,292880,1020492,6201,5319,4060,37,38,131,1,1,1,,,,,,,,,,,,,,,,,,,,,,,,,,,,7794798729,58,31,9,5,15469,10,233,9,6,35,60,3,73,1,
OWID_WRL,,World,2020-09-23,31924402,276099,288816,1026142,5650,5276,4096,35,37,132,1,1,1,,,,,,,,,,,,,,,,,,,,,,,,,,,,7794798729,58,31,9,5,15469,10,233,9,6,35,60,3,73,1,
OWID_WRL,,World,2020-09-24,32277431,353029,294266,1032717,6575,5416,4141,45,38,132,1,1,1,,,,,,,,,,,,,,,,,,,,,,,,,,,,7794798729,58,31,9,5,15469,10,233,9,6,35,60,3,73,1,
OWID_WRL,,World,2020-09-25,32608314,330883,294976,1038663,5946,5434,4183,42,38,133,1,1,1,,,,,,,,,,,,,,,,,,,,,,,,,,,,7794798729,58,31,9,5,15469,10,233,9,6,35,60,3,73,1,
OWID_WRL,,World,2020-09-26,32896777,288463,294447,1044228,5565,5459,4220,37,38,134,1,1,1,,,,,,,,,,,,,,,,,,,,,,,,,,,,7794798729,58,31,9,5,15469,10,233,9,6,35,60,3,73,1,
OWID_WRL,,World,2020-09-27,33148188,251411,294342,1048040,3812,5441,4253,32,38,134,0,1,1,,,,,,,,,,,,,,,,,,,,,,,,,,,,7794798729,58,31,9,5,15469,10,233,9,6,35,60,3,73,1,
OWID_WRL,,World,2020-09-28,33403027,254839,291320,1052059,4019,5395,4285,33,37,135,1,1,1,,,,,,,,,,,,,,,,,,,,,,,,,,,,7794798729,58,31,9,5,15469,10,233,9,6,35,60,3,73,1,
OWID_WRL,,World,2020-09-29,33685585,282558,291040,1058128,6069,5377,4322,36,37,136,1,1,1,,,,,,,,,,,,,,,,,,,,,,,,,,,,7794798729,58,31,9,5,15469,10,233,9,6,35,60,3,73,1,
OWID_WRL,,World,2020-09-30,34011804,326219,298200,1064691,6563,5507,4363,42,38,137,1,1,1,,,,,,,,,,,,,,,,,,,,,,,,,,,,7794798729,58,31,9,5,15469,10,233,9,6,35,60,3,73,1,
OWID_WRL,,World,2020-10-01,34330104,318300,293239,1073494,8803,5825,4404,41,38,138,1,1,1,,,,,,,,,,,,,,,,,,,,,,,,,,,,7794798729,58,31,9,5,15469,10,233,9,6,35,60,3,73,1,
OWID_WRL,,World,2020-10-02,34627958,297854,288521,1078536,5042,5696,4442,38,37,138,1,1,1,,,,,,,,,,,,,,,,,,,,,,,,,,,,7794798729,58,31,9,5,15469,10,233,9,6,35,60,3,73,1,
OWID_WRL,,World,2020-10-03,34960044,332086,294752,1083986,5450,5680,4485,43,38,139,1,1,1,,,,,,,,,,,,,,,,,,,,,,,,,,,,7794798729,58,31,9,5,15469,10,233,9,6,35,60,3,73,1,
OWID_WRL,,World,2020-10-04,35221464,261420,296182,1087988,4002,5707,4519,34,38,140,1,1,1,,,,,,,,,,,,,,,,,,,,,,,,,,,,7794798729,58,31,9,5,15469,10,233,9,6,35,60,3,73,1,
OWID_WRL,,World,2020-10-05,35522414,300950,302770,1094987,6999,6133,4557,39,39,140,1,1,1,,,,,,,,,,,,,,,,,,,,,,,,,,,,7794798729,58,31,9,5,15469,10,233,9,6,35,60,3,73,1,
OWID_WRL,,World,2020-10-06,35848966,326552,309054,1100838,5851,6101,4599,42,40,141,1,1,1,,,,,,,,,,,,,,,,,,,,,,,,,,,,7794798729,58,31,9,5,15469,10,233,9,6,35,60,3,73,1,
OWID_WRL,,World,2020-10-07,36199957,350991,312593,1106759,5921,6010,4644,45,40,142,1,1,1,,,,,,,,,,,,,,,,,,,,,,,,,,,,7794798729,58,31,9,5,15469,10,233,9,6,35,60,3,73,1,
OWID_WRL,,World,2020-10-08,36561290,361333,318741,1113125,6366,5662,4690,46,41,143,1,1,1,,,,,,,,,,,,,,,,,,,,,,,,,,,,7794798729,58,31,9,5,15469,10,233,9,6,35,60,3,73,1,
OWID_WRL,,World,2020-10-09,36922190,360900,327747,1119340,6215,5829,4737,46,42,144,1,1,1,,,,,,,,,,,,,,,,,,,,,,,,,,,,7794798729,58,31,9,5,15469,10,233,9,6,35,60,3,73,1,
OWID_WRL,,World,2020-10-10,37279326,357136,331326,1124257,4917,5753,4783,46,43,144,1,1,1,,,,,,,,,,,,,,,,,,,,,,,,,,,,7794798729,58,31,9,5,15469,10,233,9,6,35,60,3,73,1,
OWID_WRL,,World,2020-10-11,37566278,286952,334973,1128361,4104,5768,4819,37,43,145,1,1,1,,,,,,,,,,,,,,,,,,,,,,,,,,,,7794798729,58,31,9,5,15469,10,233,9,6,35,60,3,73,1,
OWID_WRL,,World,2020-10-12,37857976,291698,333652,1132433,4072,5349,4857,37,43,145,1,1,1,,,,,,,,,,,,,,,,,,,,,,,,,,,,7794798729,58,31,9,5,15469,10,233,9,6,35,60,3,73,1,
OWID_WRL,,World,2020-10-13,38177218,319242,332607,1137810,5377,5282,4898,41,43,146,1,1,1,,,,,,,,,,,,,,,,,,,,,,,,,,,,7794798729,58,31,9,5,15469,10,233,9,6,35,60,3,73,1,
OWID_WRL,,World,2020-10-14,38559565,382347,337087,1144028,6218,5324,4947,49,43,147,1,1,1,,,,,,,,,,,,,,,,,,,,,,,,,,,,7794798729,58,31,9,5,15469,10,233,9,6,35,60,3,73,1,
OWID_WRL,,World,2020-10-15,38966541,406976,343607,1150112,6084,5284,4999,52,44,148,1,1,1,,,,,,,,,,,,,,,,,,,,,,,,,,,,7794798729,58,31,9,5,15469,10,233,9,6,35,60,3,73,1,
OWID_WRL,,World,2020-10-16,39378313,411772,350875,1156436,6324,5299,5052,53,45,148,1,1,1,,,,,,,,,,,,,,,,,,,,,,,,,,,,7794798729,58,31,9,5,15469,10,233,9,6,35,60,3,73,1,
OWID_WRL,,World,2020-10-17,39750993,372680,353095,1162113,5677,5408,5100,48,45,149,1,1,1,,,,,,,,,,,,,,,,,,,,,,,,,,,,7794798729,58,31,9,5,15469,10,233,9,6,35,60,3,73,1,
OWID_WRL,,World,2020-10-18,40067583,316590,357329,1165725,3612,5338,5140,41,46,150,0,1,1,,,,,,,,,,,,,,,,,,,,,,,,,,,,7794798729,58,31,9,5,15469,10,233,9,6,35,60,3,73,1,
OWID_WRL,,World,2020-10-19,40454758,387175,370969,1170629,4904,5457,5190,50,48,150,1,1,1,,,,,,,,,,,,,,,,,,,,,,,,,,,,7794798729,58,31,9,5,15469,10,233,9,6,35,60,3,73,1,
OWID_WRL,,World,2020-10-20,40843745,388987,380932,1177264,6635,5636,5240,50,49,151,1,1,1,,,,,,,,,,,,,,,,,,,,,,,,,,,,7794798729,58,31,9,5,15469,10,233,9,6,35,60,3,73,1,
OWID_WRL,,World,2020-10-21,41288653,444908,389870,1183977,6713,5707,5297,57,50,152,1,1,1,,,,,,,,,,,,,,,,,,,,,,,,,,,,7794798729,58,31,9,5,15469,10,233,9,6,35,60,3,73,1,
OWID_WRL,,World,2020-10-22,41761382,472729,399263,1189910,5933,5685,5358,61,51,153,1,1,1,,,,,,,,,,,,,,,,,,,,,,,,,,,,7794798729,58,31,9,5,15469,10,233,9,6,35,60,3,73,1,
OWID_WRL,,World,2020-10-23,42258164,496782,411407,1196990,7080,5793,5421,64,53,154,1,1,1,,,,,,,,,,,,,,,,,,,,,,,,,,,,7794798729,58,31,9,5,15469,10,233,9,6,35,60,3,73,1,
OWID_WRL,,World,2020-10-24,42714986,456822,423428,1202875,5885,5823,5480,59,54,154,1,1,1,,,,,,,,,,,,,,,,,,,,,,,,,,,,7794798729,58,31,9,5,15469,10,233,9,6,35,60,3,73,1,
OWID_WRL,,World,2020-10-25,43075703,360717,429731,1207074,4199,5907,5526,46,55,155,1,1,1,,,,,,,,,,,,,,,,,,,,,,,,,,,,7794798729,58,31,9,5,15469,10,233,9,6,35,60,3,73,1,
OWID_WRL,,World,2020-10-26,43562021,486318,443895,1212684,5610,6008,5589,62,57,156,1,1,1,,,,,,,,,,,,,,,,,,,,,,,,,,,,7794798729,58,31,9,5,15469,10,233,9,6,35,60,3,73,1,
OWID_WRL,,World,2020-10-27,44032249,470228,455501,1220130,7446,6124,5649,60,58,157,1,1,1,,,,,,,,,,,,,,,,,,,,,,,,,,,,7794798729,58,31,9,5,15469,10,233,9,6,35,60,3,73,1,
OWID_WRL,,World,2020-10-28,44544143,511894,465070,1227339,7209,6195,5715,66,60,157,1,1,1,,,,,,,,,,,,,,,,,,,,,,,,,,,,7794798729,58,31,9,5,15469,10,233,9,6,35,60,3,73,1,
OWID_WRL,,World,2020-10-29,45094525,550382,476163,1234486,7147,6368,5785,71,61,158,1,1,1,,,,,,,,,,,,,,,,,,,,,,,,,,,,7794798729,58,31,9,5,15469,10,233,9,6,35,60,3,73,1,
OWID_WRL,,World,2020-10-30,45665604,571079,486777,1242141,7655,6450,5858,73,62,159,1,1,1,,,,,,,,,,,,,,,,,,,,,,,,,,,,7794798729,58,31,9,5,15469,10,233,9,6,35,60,3,73,1,
OWID_WRL,,World,2020-10-31,46142428,476824,489635,1248810,6669,6562,5920,61,63,160,1,1,1,,,,,,,,,,,,,,,,,,,,,,,,,,,,7794798729,58,31,9,5,15469,10,233,9,6,35,60,3,73,1,
OWID_WRL,,World,2020-11-01,46604864,462436,504166,1253859,5049,6684,5979,59,65,161,1,1,1,,,,,,,,,,,,,,,,,,,,,,,,,,,,7794798729,58,31,9,5,15469,10,233,9,6,35,60,3,73,1,
OWID_WRL,,World,2020-11-02,47167894,563030,515125,1260076,6217,6770,6051,72,66,162,1,1,1,,,,,,,,,,,,,,,,,,,,,,,,,,,,7794798729,58,31,9,5,15469,10,233,9,6,35,60,3,73,1,
OWID_WRL,,World,2020-11-03,47721721,553827,527067,1269527,9451,7057,6122,71,68,163,1,1,1,,,,,,,,,,,,,,,,,,,,,,,,,,,,7794798729,58,31,9,5,15469,10,233,9,6,35,60,3,73,1,
OWID_WRL,,World,2020-11-04,48233206,511485,527009,1279673,10146,7476,6188,66,68,164,1,1,1,,,,,,,,,,,,,,,,,,,,,,,,,,,,7794798729,58,31,9,5,15469,10,233,9,6,35,60,3,73,1,
OWID_WRL,,World,2020-11-05,48829777,596571,533607,1287764,8091,7611,6264,77,68,165,1,1,1,,,,,,,,,,,,,,,,,,,,,,,,,,,,7794798729,58,31,9,5,15469,10,233,9,6,35,60,3,73,1,
OWID_WRL,,World,2020-11-06,49474659,644882,544151,1297506,9742,7909,6347,83,70,166,1,1,1,,,,,,,,,,,,,,,,,,,,,,,,,,,,7794798729,58,31,9,5,15469,10,233,9,6,35,60,3,73,1,
OWID_WRL,,World,2020-11-07,50071611,596952,561312,1305169,7663,8051,6424,77,72,167,1,1,1,,,,,,,,,,,,,,,,,,,,,,,,,,,,7794798729,58,31,9,5,15469,10,233,9,6,35,60,3,73,1,
OWID_WRL,,World,2020-11-08,50555683,484072,564403,1311098,5929,8177,6486,62,72,168,1,1,1,,,,,,,,,,,,,,,,,,,,,,,,,,,,7794798729,58,31,9,5,15469,10,233,9,6,35,60,3,73,1,
OWID_WRL,,World,2020-11-09,51057076,501393,555597,1318364,7266,8327,6550,64,71,169,1,1,1,,,,,,,,,,,,,,,,,,,,,,,,,,,,7794798729,58,31,9,5,15469,10,233,9,6,35,60,3,73,1,
OWID_WRL,,World,2020-11-10,51616461,559385,556391,1328401,10037,8411,6622,72,71,170,1,1,1,,,,,,,,,,,,,,,,,,,,,,,,,,,,7794798729,58,31,9,5,15469,10,233,9,6,35,60,3,73,1,
OWID_WRL,,World,2020-11-11,52265191,648730,575998,1338905,10504,8462,6705,83,74,172,1,1,1,,,,,,,,,,,,,,,,,,,,,,,,,,,,7794798729,58,31,9,5,15469,10,233,9,6,35,60,3,73,1,
OWID_WRL,,World,2020-11-12,52914645,649454,583553,1348729,9824,8709,6788,83,75,173,1,1,1,,,,,,,,,,,,,,,,,,,,,,,,,,,,7794798729,58,31,9,5,15469,10,233,9,6,35,60,3,73,1,
OWID_WRL,,World,2020-11-13,53566727,652082,584581,1358374,9645,8695,6872,84,75,174,1,1,1,,,,,,,,,,,,,,,,,,,,,,,,,,,,7794798729,58,31,9,5,15469,10,233,9,6,35,60,3,73,1,
OWID_WRL,,World,2020-11-14,54161862,595135,584322,1367539,9165,8910,6948,76,75,175,1,1,1,,,,,,,,,,,,,,,,,,,,,,,,,,,,7794798729,58,31,9,5,15469,10,233,9,6,35,60,3,73,1,
OWID_WRL,,World,2020-11-15,54635935,474073,582893,1373999,6460,8986,7009,61,75,176,1,1,1,,,,,,,,,,,,,,,,,,,,,,,,,,,,7794798729,58,31,9,5,15469,10,233,9,6,35,60,3,73,1,
OWID_WRL,,World,2020-11-16,55170071,534136,587571,1381972,7973,9087,7078,69,75,177,1,1,1,,,,,,,,,,,,,,,,,,,,,,,,,,,,7794798729,58,31,9,5,15469,10,233,9,6,35,60,3,73,1,
OWID_WRL,,World,2020-11-17,55781327,611256,594981,1393092,11120,9242,7156,78,76,179,1,1,1,,,,,,,,,,,,,,,,,,,,,,,,,,,,7794798729,58,31,9,5,15469,10,233,9,6,35,60,3,73,1,
OWID_WRL,,World,2020-11-18,56408504,627177,591902,1404559,11467,9379,7237,80,76,180,1,1,1,,,,,,,,,,,,,,,,,,,,,,,,,,,,7794798729,58,31,9,5,15469,10,233,9,6,35,60,3,73,1,
OWID_WRL,,World,2020-11-19,57062051,653547,592487,1415685,11126,9565,7321,84,76,182,1,1,1,,,,,,,,,,,,,,,,,,,,,,,,,,,,7794798729,58,31,9,5,15469,10,233,9,6,35,60,3,73,1,
OWID_WRL,,World,2020-11-20,57730831,668780,594872,1427526,11841,9879,7406,86,76,183,2,1,1,,,,,,,,,,,,,,,,,,,,,,,,,,,,7794798729,58,31,9,5,15469,10,233,9,6,35,60,3,73,1,
OWID_WRL,,World,2020-11-21,58318557,587726,593814,1436503,8977,9852,7482,75,76,184,1,1,1,,,,,,,,,,,,,,,,,,,,,,,,,,,,7794798729,58,31,9,5,15469,10,233,9,6,35,60,3,73,1,
OWID_WRL,,World,2020-11-22,58806701,488144,595824,1443807,7304,9973,7544,63,76,185,1,1,1,,,,,,,,,,,,,,,,,,,,,,,,,,,,7794798729,58,31,9,5,15469,10,233,9,6,35,60,3,73,1,
OWID_WRL,,World,2020-11-23,59331660,524959,594513,1452372,8565,10057,7612,67,76,186,1,1,1,,,,,,,,,,,,,,,,,,,,,,,,,,,,7794798729,58,31,9,5,15469,10,233,9,6,35,60,3,73,1,
OWID_WRL,,World,2020-11-24,59921951,590291,591518,1465090,12718,10285,7687,76,76,188,2,1,1,,,,,,,,,,,,,,,,,,,,,,,,,,,,7794798729,58,31,9,5,15469,10,233,9,6,35,60,3,73,1,
OWID_WRL,,World,2020-11-25,60558291,636340,592827,1477277,12187,10388,7769,82,76,190,2,1,1,,,,,,,,,,,,,,,,,,,,,,,,,,,,7794798729,58,31,9,5,15469,10,233,9,6,35,60,3,73,1,
OWID_WRL,,World,2020-11-26,61140970,582679,582703,1488257,10980,10367,7844,75,75,191,1,1,1,,,,,,,,,,,,,,,,,,,,,,,,,,,,7794798729,58,31,9,5,15469,10,233,9,6,35,60,3,73,1,
OWID_WRL,,World,2020-11-27,61827863,686893,585290,1499650,11393,10303,7932,88,75,192,1,1,1,,,,,,,,,,,,,,,,,,,,,,,,,,,,7794798729,58,31,9,5,15469,10,233,9,6,35,60,3,73,1,
OWID_WRL,,World,2020-11-28,62414022,586159,585066,1508929,9279,10347,8007,75,75,194,1,1,1,,,,,,,,,,,,,,,,,,,,,,,,,,,,7794798729,58,31,9,5,15469,10,233,9,6,35,60,3,73,1,
OWID_WRL,,World,2020-11-29,62902699,488677,585143,1516142,7213,10334,8070,63,75,195,1,1,1,,,,,,,,,,,,,,,,,,,,,,,,,,,,7794798729,58,31,9,5,15469,10,233,9,6,35,60,3,73,1,
OWID_WRL,,World,2020-11-30,63411091,508392,582776,1525109,8967,10391,8135,65,75,196,1,1,1,,,,,,,,,,,,,,,,,,,,,,,,,,,,7794798729,58,31,9,5,15469,10,233,9,6,35,60,3,73,1,
OWID_WRL,,World,2020-12-01,64023308,612217,585908,1537864,12755,10396,8214,79,75,197,2,1,1,,,,,,,,,,,,,,,,,,,,,,,,,,,,7794798729,58,31,9,5,15469,10,233,9,6,35,60,3,73,1,
OWID_WRL,,World,2020-12-02,64675043,651735,588107,1550557,12693,10469,8297,84,75,199,2,1,1,,,,,,,,,,,,,,,,,,0,0,,,,0,0,,,,7794798729,58,31,9,5,15469,10,233,9,6,35,60,3,73,1,
OWID_WRL,,World,2020-12-03,65369179,694136,604030,1563118,12561,10694,8386,89,77,201,2,1,1,,,,,,,,,,,,,,,,,,0,0,,0,0,0,0,,0,,7794798729,58,31,9,5,15469,10,233,9,6,35,60,3,73,1,
OWID_WRL,,World,2020-12-04,66052314,683135,603493,1575716,12598,10867,8474,88,77,202,2,1,1,,,,,,,,,,,,,,,,,,1,1,,1,0,0,0,,0,,7794798729,58,31,9,5,15469,10,233,9,6,35,60,3,73,1,
OWID_WRL,,World,2020-12-05,66694746,642432,611532,1585999,10283,11010,8556,82,78,203,1,1,1,,,,,,,,,,,,,,,,,,1,1,,0,0,0,0,,0,,7794798729,58,31,9,5,15469,10,233,9,6,35,60,3,73,1,
OWID_WRL,,World,2020-12-06,67233741,538995,618720,1593498,7499,11051,8625,69,79,204,1,1,1,,,,,,,,,,,,,,,,,,1,1,,0,0,0,0,,0,,7794798729,58,31,9,5,15469,10,233,9,6,35,60,3,73,1,
OWID_WRL,,World,2020-12-07,67753311,519570,620317,1602271,8773,11023,8692,67,80,206,1,1,1,,,,,,,,,,,,,,,,,,1,1,,0,0,0,0,,0,,7794798729,58,31,9,5,15469,10,233,9,6,35,60,3,73,1,
OWID_WRL,,World,2020-12-08,68396799,643488,624784,1614662,12391,10971,8775,83,80,207,2,1,1,,,,,,,,,,,,,,,,,,1,1,,0,0,0,0,,0,,7794798729,58,31,9,5,15469,10,233,9,6,35,60,3,73,1,
OWID_WRL,,World,2020-12-09,69066819,670020,627397,1627340,12678,10969,8861,86,80,209,2,1,1,,,,,,,,,,,,,,,,,,1,1,,0,0,0,0,,0,,7794798729,58,31,9,5,15469,10,233,9,6,35,60,3,73,1,
OWID_WRL,,World,2020-12-10,70564945,674901,624649,1640037,12697,10988,9053,87,80,210,2,1,1,,,,,,,,,,,,,,,,,,1,1,,0,0,0,0,,0,,7794798729,58,31,9,5,15469,10,233,9,6,35,60,3,73,1,
OWID_WRL,,World,2020-12-11,71269554,704609,627716,1653155,13118,11063,9143,90,81,212,2,1,1,,,,,,,,,,,,,,,,,,1,1,,0,0,0,0,,0,,7794798729,58,31,9,5,15469,10,233,9,6,35,60,3,73,1,
OWID_WRL,,World,2020-12-12,71904616,635062,626664,1663788,10633,11113,9225,81,80,213,1,1,1,,,,,,,,,,,,,,,,,,1,1,,0,0,0,0,,0,,7794798729,58,31,9,5,15469,10,233,9,6,35,60,3,73,1,
OWID_WRL,,World,2020-12-13,72435722,531106,625537,1671375,7587,11125,9293,68,80,214,1,1,1,,,,,,,,,,,,,,,,,,86466,86466,,86465,12352,0,0,,2,,7794798729,58,31,9,5,15469,10,233,9,6,35,60,3,73,1,
OWID_WRL,,World,2020-12-14,72960602,524880,626295,1680523,9148,11179,9360,67,80,216,1,1,1,,,,,,,,,,,,,,,,,,86471,86471,,5,12353,0,0,,2,,7794798729,58,31,9,5,15469,10,233,9,6,35,60,3,73,1,
OWID_WRL,,World,2020-12-15,73596794,636192,625253,1694491,13968,11404,9442,82,80,217,2,1,1,,,,,,,,,,,,,,,,,,1615689,115689,,1529218,230813,0,0,,30,,7794798729,58,31,9,5,15469,10,233,9,6,35,60,3,73,1,
OWID_WRL,,World,2020-12-16,74330464,733670,634346,1708267,13776,11561,9536,94,81,219,2,1,1,,,,,,,,,,,,,,,,,,1617990,117990,,2301,231141,0,0,,30,,7794798729,58,31,9,5,15469,10,233,9,6,35,60,3,73,1,
OWID_WRL,,World,2020-12-17,75070221,739757,643611,1721721,13454,11669,9631,95,83,221,2,1,1,,,,,,,,,,,,,,,,,,1622170,122170,,4180,231738,0,0,,30,,7794798729,58,31,9,5,15469,10,233,9,6,35,60,3,73,1,
OWID_WRL,,World,2020-12-18,75790546,720325,645856,1734642,12921,11641,9723,92,83,223,2,1,1,,,,,,,,,,,,,,,,,,1626143,126143,,3973,232306,0,0,,30,,7794798729,58,31,9,5,15469,10,233,9,6,35,60,3,73,1,
OWID_WRL,,World,2020-12-19,76401995,611449,642483,1745548,10906,11680,9802,78,82,224,1,1,1,,,,,,,,,,,,,,,,,,1626924,126924,,781,232418,0,0,,30,,7794798729,58,31,9,5,15469,10,233,9,6,35,60,3,73,1,
OWID_WRL,,World,2020-12-20,76935664,533669,642849,1753435,7887,11723,9870,68,82,225,1,2,1,,,,,,,,,,,,,,,,,,2780173,1280173,,1153249,384815,0,0,,49,,7794798729,58,31,9,5,15469,10,233,9,6,35,60,3,73,1,
OWID_WRL,,World,2020-12-21,77484615,548951,646288,1763120,9685,11800,9941,70,83,226,1,2,1,,,,,,,,,,,,,,,,,,2871095,1371095,,90922,397803,0,0,,51,,7794798729,58,31,9,5,15469,10,233,9,6,35,60,3,73,1,
OWID_WRL,,World,2020-12-22,78134972,650357,648311,1777481,14361,11856,10024,83,83,228,2,2,1,,,,,,,,,,,,,,,,,,2944956,1444956,,73861,189895,0,0,,24,,7794798729,58,31,9,5,15469,10,233,9,6,35,60,3,73,1,
OWID_WRL,,World,2020-12-23,78830100,695128,642805,1791369,13888,11872,10113,89,82,230,2,2,1,,,,,,,,,,,,,,,,,,3449152,1949152,,504196,261595,0,0,,34,,7794798729,58,31,9,5,15469,10,233,9,6,35,60,3,73,1,
OWID_WRL,,World,2020-12-24,79496691,666591,632353,1803119,11750,11628,10199,86,81,231,2,1,1,,,,,,,,,,,,,,,,,,3547303,2047303,,98151,275019,0,0,,35,,7794798729,58,31,9,5,15469,10,233,9,6,35,60,3,73,1,
OWID_WRL,,World,2020-12-25,79962475,465784,595990,1811767,8648,11018,10258,60,76,232,1,1,1,,,,,,,,,,,,,,,,,,3591002,2091002,,43699,280694,0,0,,36,,7794798729,58,31,9,5,15469,10,233,9,6,35,60,3,73,1,
OWID_WRL,,World,2020-12-26,80475205,512730,581887,1819242,7475,10528,10324,66,75,233,1,1,1,,,,,,,,,,,,,,,,,,4567311,3067311,,976309,420055,0,0,,54,,7794798729,58,31,9,5,15469,10,233,9,6,35,60,3,73,1,
OWID_WRL,,World,2020-12-27,80913868,438663,568315,1826792,7550,10480,10380,56,73,234,1,1,1,,,,,,,,,,,,,,,,,,5067668,3567651,17,500357,326785,0,0,0,42,,7794798729,58,31,9,5,15469,10,233,9,6,35,60,3,73,1,
OWID_WRL,,World,2020-12-28,81409709,495841,560728,1836582,9790,10495,10444,64,72,236,1,1,1,,,,,,,,,,,,,,,,,,5439145,3935394,157,371477,366864,0,0,0,47,,7794798729,58,31,9,5,15469,10,233,9,6,35,60,3,73,1,
OWID_WRL,,World,2020-12-29,82074293,664584,562760,1851822,15240,10620,10529,85,72,238,2,1,1,,,,,,,,,,,,,,,,,,5709326,4204151,891,270181,394910,0,0,0,51,,7794798729,58,31,9,5,15469,10,233,9,6,35,60,3,73,1,
OWID_WRL,,World,2020-12-30,82835540,761247,572206,1867219,15397,10836,10627,98,73,240,2,1,1,,,,,,,,,,,,,,,,,,6701376,5196073,1028,992050,464603,0,0,0,60,,7794798729,58,31,9,5,15469,10,233,9,6,35,60,3,73,1,
OWID_WRL,,World,2020-12-31,83560482,724942,580542,1880405,13186,11041,10720,93,74,241,2,1,1,,,,,,,,,,,,,,,,,,10013803,5473471,1177,3312427,923786,0,0,0,119,,7794798729,58,31,9,5,15469,10,233,9,6,35,60,3,73,1,
OWID_WRL,,World,2021-01-01,84093788,533306,590188,1890211,9806,11206,10788,68,76,242,1,1,1,,,,,,,,,,,,,,,,,,10132656,5592310,1191,118853,934522,0,0,0,120,,7794798729,58,31,9,5,15469,10,233,9,6,35,60,3,73,1,
OWID_WRL,,World,2021-01-02,84720299,626511,606442,1898837,8626,11371,10869,80,78,244,1,1,1,,,,,,,,,,,,,,,,,,12491045,7950413,1490,2358389,1131962,0,0,0,145,,7794798729,58,31,9,5,15469,10,233,9,6,35,60,3,73,1,
OWID_WRL,,World,2021-01-03,85253202,532903,619905,1906289,7452,11357,10937,68,80,245,1,1,1,,,,,,,,,,,,,,,,,,13109881,8569241,1498,618836,1148888,0,0,0,147,,7794798729,58,31,9,5,15469,10,233,9,6,35,60,3,73,1,
OWID_WRL,,World,2021-01-04,85807043,553841,628191,1916560,10271,11425,11008,71,81,246,1,1,1,,,,,,,,,,,,,,,,,,13924354,9372036,1557,814473,1212173,0,0,0,156,,7794798729,58,31,9,5,15469,10,233,9,6,35,60,3,73,1,
OWID_WRL,,World,2021-01-05,86547096,740053,638972,1932078,15518,11465,11103,95,82,248,2,1,1,,,,,,,,,,,,,,,,,,15486858,10106114,1858,1562504,1396790,0,0,0,179,,7794798729,58,31,9,5,15469,10,233,9,6,35,60,3,73,1,
OWID_WRL,,World,2021-01-06,87330661,783565,642160,1947184,15106,11424,11204,101,82,250,2,1,1,,,,,,,,,,,,,,,,,,16494055,10975006,2324,1007197,1398954,0,0,0,179,,7794798729,58,31,9,5,15469,10,233,9,6,35,60,3,73,1,
OWID_WRL,,World,2021-01-07,88211545,880884,664438,1962319,15135,11702,11317,113,85,252,2,2,1,,,,,,,,,,,,,,,,,,17720312,12125161,3019,1226257,1100930,0,0,0,141,,7794798729,58,31,9,5,15469,10,233,9,6,35,60,3,73,1,
OWID_WRL,,World,2021-01-08,89014809,803264,703003,1977559,15240,12478,11420,103,90,254,2,2,1,,,,,,,,,,,,,,,,,,19119311,13398098,4333,1398999,1283808,0,0,0,165,,7794798729,58,31,9,5,15469,10,233,9,6,35,60,3,73,1,
OWID_WRL,,World,2021-01-09,89776075,761266,722254,1990555,12996,13103,11517,98,93,255,2,2,1,,,,,,,,,,,,,,,,,,24024907,13683341,5427,4905596,1647695,0,0,0,211,,7794798729,58,31,9,5,15469,10,233,9,6,35,60,3,73,1,
OWID_WRL,,World,2021-01-10,90365376,589301,730311,1999140,8585,13264,11593,76,94,256,1,2,1,,,,,,,,,,,,,,,,,,25689742,15696286,652980,1664835,1797123,0,0,0,231,,7794798729,58,31,9,5,15469,10,233,9,6,35,60,3,73,1,
OWID_WRL,,World,2021-01-11,90984976,619600,739705,2009487,10347,13275,11673,79,95,258,1,2,1,,,,,,,,,,,,,,,,,,28768102,18650770,693122,3078360,2120535,0,0,0,272,,7794798729,58,31,9,5,15469,10,233,9,6,35,60,3,73,1,
OWID_WRL,,World,2021-01-12,91690531,705555,734776,2026772,17285,13528,11763,91,94,260,2,2,1,,,,,,,,,,,,,,,,,,30006142,19725130,745001,1238040,2074183,0,0,0,266,,7794798729,58,31,9,5,15469,10,233,9,6,35,60,3,73,1,
OWID_WRL,,World,2021-01-13,92438858,748327,729742,2043623,16851,13777,11859,96,94,262,2,2,1,,,,,,,,,,,,,,,,,,33469779,20943183,821835,3463637,2425103,0,0,0,311,,7794798729,58,31,9,5,15469,10,233,9,6,35,60,3,73,1,
OWID_WRL,,World,2021-01-14,93194145,755287,711800,2059292,15669,13853,11956,97,91,264,2,2,1,,,,,,,,,,,,,,,,,,35926431,22396949,2245499,2456652,2600874,0,0,0,334,,7794798729,58,31,9,5,15469,10,233,9,6,35,60,3,73,1,
OWID_WRL,,World,2021-01-15,93961381,767236,706653,2074439,15147,13840,12054,98,91,266,2,2,1,,,,,,,,,,,,,,,,,,38657232,24347444,2563044,2730801,2791132,0,0,0,358,,7794798729,58,31,9,5,15469,10,233,9,6,35,60,3,73,1,
OWID_WRL,,World,2021-01-16,94600703,639322,689233,2088030,13591,13925,12136,82,88,268,2,2,1,,,,,,,,,,,,,,,,,,39813462,25177461,2594225,1156230,2255508,1,0,0,289,,7794798729,58,31,9,5,15469,10,233,9,6,35,60,3,73,1,
OWID_WRL,,World,2021-01-17,95130064,529361,680670,2096930,8900,13970,12204,68,87,269,1,2,1,,,,,,,,,,,,,,,,,,40626588,25748932,2709187,813126,2133835,1,0,0,274,,7794798729,58,31,9,5,15469,10,233,9,6,35,60,3,73,1,
OWID_WRL,,World,2021-01-18,95645312,515248,665762,2106701,9771,13888,12270,66,85,270,1,2,1,,,,,,,,,,,,,,,,,,42166327,26892339,2879365,1539739,1914032,1,0,0,246,,7794798729,58,31,9,5,15469,10,233,9,6,35,60,3,73,1,
OWID_WRL,,World,2021-01-19,96253248,607936,651817,2123651,16950,13840,12348,78,84,272,2,2,1,,,,,,,,,,,,,,,,,,47237235,31088527,3520716,5070908,2461585,1,0,0,316,,7794798729,58,31,9,5,15469,10,233,9,6,35,60,3,73,1,
OWID_WRL,,World,2021-01-20,96946210,692962,643907,2141711,18060,14013,12437,89,83,275,2,2,1,,,,,,,,,,,,,,,,,,54751837,33152697,3935929,7514602,3040294,1,0,0,390,,7794798729,58,31,9,5,15469,10,233,9,6,35,60,3,73,1,
OWID_WRL,,World,2021-01-21,97602571,656361,629775,2158868,17157,14225,12522,84,81,277,2,2,1,,,,,,,,,,,,,,,,,,57716433,35384407,4491623,2964596,3112857,1,0,0,399,,7794798729,58,31,9,5,15469,10,233,9,6,35,60,3,73,1,
OWID_WRL,,World,2021-01-22,98261639,659068,614323,2175076,16208,14377,12606,85,79,279,2,2,1,,,,,,,,,,,,,,,,,,61387300,38302137,5030351,3670867,3247153,1,0,0,417,,7794798729,58,31,9,5,15469,10,233,9,6,35,60,3,73,1,
OWID_WRL,,World,2021-01-23,98829909,568270,604172,2188840,13764,14401,12679,73,78,281,2,2,1,,,,,,,,,,,,,,,,,,64493318,40751728,5466058,3106018,3525694,1,1,0,452,,7794798729,58,31,9,5,15469,10,233,9,6,35,60,3,73,1,
OWID_WRL,,World,2021-01-24,99275699,445790,592234,2197936,9096,14429,12736,57,76,282,1,2,1,,,,,,,,,,,,,,,,,,67163502,42682171,5900343,2670184,3790988,1,1,0,486,,7794798729,58,31,9,5,15469,10,233,9,6,35,60,3,73,1,
OWID_WRL,,World,2021-01-25,99772747,497048,589634,2209174,11238,14639,12800,64,76,283,1,2,1,,,,,,,,,,,,,,,,,,69832671,44783931,6408836,2669169,3952335,1,1,0,507,,7794798729,58,31,9,5,15469,10,233,9,6,35,60,3,73,1,
OWID_WRL,,World,2021-01-26,100329071,556324,582260,2226802,17628,14736,12871,71,75,286,2,2,1,,,,,,,,,,,,,,,,,,72405313,46527038,6959550,2572642,3595440,1,1,0,461,,7794798729,58,31,9,5,15469,10,233,9,6,35,60,3,73,1,
OWID_WRL,,World,2021-01-27,100927448,598377,568748,2243971,17169,14609,12948,77,73,288,2,2,1,,,,,,,,,,,,,,,,,,83487632,49023369,7677493,11082319,4105114,1,1,0,527,,7794798729,58,31,9,5,15469,10,233,9,6,35,60,3,73,1,
OWID_WRL,,World,2021-01-28,101541893,614445,562760,2261131,17160,14609,13027,79,72,290,2,2,1,,,,,,,,,,,,,,,,,,87757640,51917027,8614260,4270008,4291601,1,1,0,551,,7794798729,58,31,9,5,15469,10,233,9,6,35,60,3,73,1,
OWID_WRL,,World,2021-01-29,102132381,590488,552963,2276642,15511,14509,13103,76,71,292,2,2,1,,,,,,,,,,,,,,,,,,91943368,54758986,9517687,4185728,4365153,1,1,0,560,,7794798729,58,31,9,5,15469,10,233,9,6,35,60,3,73,1,
OWID_WRL,,World,2021-01-30,102647858,515477,545421,2290188,13546,14478,13169,66,70,294,2,2,1,,,,,,,,,,,,,,,,,,95718518,57429085,10327543,3775150,4460743,1,1,0,572,,7794798729,58,31,9,5,15469,10,233,9,6,35,60,3,73,1,
OWID_WRL,,World,2021-01-31,103029652,381794,536279,2298746,8558,14401,13218,49,69,295,1,2,1,,,,,,,,,,,,,,,,,,100072086,59553305,11084223,4353568,4701226,1,1,0,603,,7794798729,58,31,9,5,15469,10,233,9,6,35,60,3,73,1,
OWID_WRL,,World,2021-02-01,103476199,446547,529065,2309438,10692,14323,13275,57,68,296,1,2,1,,,,,,,,,,,,,,,,,,103036156,61494729,11775349,2964070,4743355,1,1,0,609,,7794798729,58,31,9,5,15469,10,233,9,6,35,60,3,73,1,
OWID_WRL,,World,2021-02-02,103934126,457927,515008,2324726,15288,13989,13334,59,66,298,2,2,1,,,,,,,,,,,,,,,,,,105632232,63200820,12384918,2596076,4746703,1,1,0,609,,7794798729,58,31,9,5,15469,10,233,9,6,35,60,3,73,1,
OWID_WRL,,World,2021-02-03,104456157,522031,504101,2340817,16091,13835,13401,67,65,300,2,2,1,,,,,,,,,,,,,,,,,,116502979,65573287,13359645,10870747,4716478,1,1,0,605,,7794798729,58,31,9,5,15469,10,233,9,6,35,60,3,73,1,
OWID_WRL,,World,2021-02-04,104923095,466938,483029,2353740,12923,13230,13461,60,62,302,2,2,1,,,,,,,,,,,,,,,,,,121168137,68620381,14514597,4665158,4772928,2,1,0,612,,7794798729,58,31,9,5,15469,10,233,9,6,35,60,3,73,1,
OWID_WRL,,World,2021-02-05,105458548,535453,475167,2370913,17173,13467,13529,69,61,304,2,2,1,,,,,,,,,,,,,,,,,,125447932,71509730,15580386,4279795,4786366,2,1,0,614,,7794798729,58,31,9,5,15469,10,233,9,6,35,60,3,73,1,
OWID_WRL,,World,2021-02-06,105830862,372314,454715,2381343,10430,13022,13577,48,58,306,1,2,1,,,,,,,,,,,,,,,,,,129797598,74402752,16682278,4349666,4868440,2,1,0,625,,7794798729,58,31,9,5,15469,10,233,9,6,35,60,3,73,1,
OWID_WRL,,World,2021-02-07,106229038,398176,457055,2389536,8193,12970,13628,51,59,307,1,2,1,,,,,,,,,,,,,,,,,,133410434,76646835,17922569,3612836,4762621,2,1,0,611,,7794798729,58,31,9,5,15469,10,233,9,6,35,60,3,73,1,
OWID_WRL,,World,2021-02-08,106545054,316016,438408,2398526,8990,12727,13669,41,56,308,1,2,1,,,,,,,,,,,,,,,,,,136681434,78790758,18732885,3271000,4806468,2,1,0,617,,7794798729,58,31,9,5,15469,10,233,9,6,35,60,3,73,1,
OWID_WRL,,World,2021-02-09,106972720,427666,434085,2414544,16018,12831,13724,55,56,310,2,2,1,,,,,,,,,,,,,,,,,,149439852,81150102,19612693,12758418,6258231,2,1,0,803,,7794798729,58,31,9,5,15469,10,233,9,6,35,60,3,73,1,
OWID_WRL,,World,2021-02-10,107408534,435814,421768,2428465,13921,12521,13780,56,54,312,2,2,1,,,,,,,,,,,,,,,,,,154297251,84362277,20864349,4857399,5399182,2,1,0,693,,7794798729,58,31,9,5,15469,10,233,9,6,35,60,3,73,1,
OWID_WRL,,World,2021-02-11,107850003,441469,418130,2442189,13724,12636,13836,57,54,313,2,2,1,,,,,,,,,,,,,,,,,,159178131,87538717,22310401,4880880,5429999,2,1,0,697,,7794798729,58,31,9,5,15469,10,233,9,6,35,60,3,73,1,
OWID_WRL,,World,2021-02-12,108278724,428721,402882,2455343,13154,12061,13891,55,52,315,2,2,1,,,,,,,,,,,,,,,,,,164799251,93806360,24112644,5621120,5621617,2,1,0,721,,7794798729,58,31,9,5,15469,10,233,9,6,35,60,3,73,1,
OWID_WRL,,World,2021-02-13,108652122,373398,403037,2465672,10329,12047,13939,48,52,316,1,2,1,,,,,,,,,,,,,,,,,,169840088,96930226,25636333,5040837,5720356,2,1,0,734,,7794798729,58,31,9,5,15469,10,233,9,6,35,60,3,73,1,
OWID_WRL,,World,2021-02-14,108946086,293964,388150,2472274,6602,11820,13977,38,50,317,1,2,1,,,,,,,,,,,,,,,,,,173809385,99784588,27234943,3969297,5771279,2,1,0,740,,7794798729,58,31,9,5,15469,10,233,9,6,35,60,3,73,1,
OWID_WRL,,World,2021-02-15,109229345,283259,383470,2479682,7408,11594,14013,36,49,318,1,1,1,,,,,,,,,,,,,,,,,,176908865,101862104,27923692,3099480,5746776,2,1,0,737,,7794798729,58,31,9,5,15469,10,233,9,6,35,60,3,73,1,
OWID_WRL,,World,2021-02-16,109580144,350799,372489,2491284,11602,10963,14058,45,48,320,1,1,1,,,,,,,,,,,,,,,,,,182674573,105604759,29618120,5765708,4747817,2,1,0,609,,7794798729,58,31,9,5,15469,10,233,9,6,35,60,3,73,1,
OWID_WRL,,World,2021-02-17,109975720,395576,366741,2503168,11884,10672,14109,51,47,321,2,1,1,,,,,,,,,,,,,,,,,,187550951,108728109,31162344,4876378,4750529,2,1,0,609,,7794798729,58,31,9,5,15469,10,233,9,6,35,60,3,73,1,
OWID_WRL,,World,2021-02-18,110379223,403503,361317,2514997,11829,10401,14161,52,46,323,2,1,1,,,,,,,,,,,,,,,,,,193711015,112479711,32961897,6160064,4933269,2,1,0,633,,7794798729,58,31,9,5,15469,10,233,9,6,35,60,3,73,1,
OWID_WRL,,World,2021-02-19,110791727,412504,359000,2526721,11724,10197,14214,53,46,324,2,1,1,,,,,,,,,,,,,,,,,,199199404,118138986,35169700,5488389,4914308,3,2,0,630,,7794798729,58,31,9,5,15469,10,233,9,6,35,60,3,73,1,
OWID_WRL,,World,2021-02-20,111162353,370626,358604,2535583,8862,9987,14261,48,46,325,1,1,1,,,,,,,,,,,,,,,,,,203761494,121035467,36728581,4562090,4845915,3,2,0,622,,7794798729,58,31,9,5,15469,10,233,9,6,35,60,3,73,1,
OWID_WRL,,World,2021-02-21,111476871,314518,361541,2541955,6372,9954,14301,40,46,326,1,1,1,,,,,,,,,,,,,,,,,,207314591,123052856,38251852,3553097,4786458,3,2,0,614,,7794798729,58,31,9,5,15469,10,233,9,6,35,60,3,73,1,
OWID_WRL,,World,2021-02-22,111765248,288377,362272,2549383,7428,9957,14338,37,46,327,1,1,1,,,,,,,,,,,,,,,,,,210992593,125403054,39476948,3678002,4869104,3,2,1,625,,7794798729,58,31,9,5,15469,10,233,9,6,35,60,3,73,1,
OWID_WRL,,World,2021-02-23,112154108,388860,367709,2561097,11714,9973,14388,50,47,329,2,1,1,,,,,,,,,,,,,,,,,,215492639,130836168,43016580,4500046,4688295,3,2,1,601,,7794798729,58,31,9,5,15469,10,233,9,6,35,60,3,73,1,
OWID_WRL,,World,2021-02-24,112599061,444953,374763,2573529,12432,10052,14445,57,48,330,2,1,1,,,,,,,,,,,,,,,,,,220981036,134510708,44683702,5488397,4775726,3,2,1,613,,7794798729,58,31,9,5,15469,10,233,9,6,35,60,3,73,1,
OWID_WRL,,World,2021-02-25,113046542,447481,381046,2584165,10636,9881,14503,57,49,332,1,1,1,,,,,,,,,,,,,,,,,,227073594,138256351,46842498,6092558,4766083,3,2,1,611,,7794798729,58,31,9,5,15469,10,233,9,6,35,60,3,73,1,
OWID_WRL,,World,2021-02-26,113489584,443042,385408,2594882,10717,9737,14560,57,49,333,1,1,1,,,,,,,,,,,,,,,,,,233410153,142176141,49152175,6336559,4887250,3,2,1,627,,7794798729,58,31,9,5,15469,10,233,9,6,35,60,3,73,1,
OWID_WRL,,World,2021-02-27,113878865,389281,388073,2603517,8635,9705,14610,50,50,334,1,1,1,,,,,,,,,,,,,,,,,,238925483,145483375,51095227,5515330,5023427,3,2,1,644,,7794798729,58,31,9,5,15469,10,233,9,6,35,60,3,73,1,
OWID_WRL,,World,2021-02-28,114182439,303574,386510,2609637,6120,9669,14649,39,50,335,1,1,1,,,,,,,,,,,,,,,,,,255430325,148464743,52582961,16504842,6873676,3,2,1,882,,7794798729,58,31,9,5,15469,10,233,9,6,35,60,3,73,1,
OWID_WRL,,World,2021-03-01,114488172,305733,388989,2617509,7872,9732,14688,39,50,336,1,1,1,,,,,,,,,,,,,,,,,,260438217,151870003,54032327,5007892,7063661,3,2,1,906,,7794798729,58,31,9,5,15469,10,233,9,6,35,60,3,73,1,
OWID_WRL,,World,2021-03-02,114798498,310326,377770,2627871,10362,9539,14728,40,48,337,1,1,1,,,,,,,,,,,,,,,,,,270919962,159449374,56726388,10481745,7918189,3,2,1,1016,,7794798729,58,31,9,5,15469,10,233,9,6,35,60,3,73,1,
OWID_WRL,,World,2021-03-03,115239638,441140,377225,2639618,11747,9441,14784,57,48,339,2,1,1,,,,,,,,,,,,,,,,,,278108868,164361930,58891582,7188906,8161119,4,2,1,1047,,7794798729,58,31,9,5,15469,10,233,9,6,35,60,3,73,1,
OWID_WRL,,World,2021-03-04,115692696,453058,378022,2649891,10273,9389,14842,58,48,340,1,1,1,,,,,,,,,,,,,,,,,,286550355,170086931,61329786,8441487,8496680,4,2,1,1090,,7794798729,58,31,9,5,15469,10,233,9,6,35,60,3,73,1,
OWID_WRL,,World,2021-03-05,116139718,447022,378591,2660589,10698,9387,14900,57,49,341,1,1,1,,,,,,,,,,,,,,,,,,294730380,175852830,63630979,8180025,8760032,4,2,1,1124,,7794798729,58,31,9,5,15469,10,233,9,6,35,60,3,73,1,
OWID_WRL,,World,2021-03-06,116550302,410584,381634,2668689,8100,9310,14952,53,49,342,1,1,1,,,,,,,,,,,,,,,,,,302184244,180907650,65743764,7453864,9036966,4,2,1,1159,,7794798729,58,31,9,5,15469,10,233,9,6,35,60,3,73,1,
OWID_WRL,,World,2021-03-07,116918680,368378,390892,2674597,5908,9280,15000,47,50,343,1,1,1,,,,,,,,,,,,,,,,,,307646073,184676977,67100376,5461829,7459393,4,2,1,957,,7794798729,58,31,9,5,15469,10,233,9,6,35,60,3,73,1,
OWID_WRL,,World,2021-03-08,117217284,298604,389873,2681683,7086,9168,15038,38,50,344,1,1,1,,,,,,,,,,,,,,,,,,314541058,189756121,68956428,6894985,7728977,4,2,1,992,,7794798729,58,31,9,5,15469,10,233,9,6,35,60,3,73,1,
OWID_WRL,,World,2021-03-09,117631974,414690,404782,2692328,10645,9208,15091,53,52,345,1,1,1,,,,,,,,,,,,,,,,,,321474223,194756799,70756415,6933165,7222037,4,2,1,927,,7794798729,58,31,9,5,15469,10,233,9,6,35,60,3,73,1,
OWID_WRL,,World,2021-03-10,118099028,467054,408484,2702388,10060,8967,15151,60,52,347,1,1,1,,,,,,,,,,,,,,,,,,330220558,200909862,73292636,8746335,7444527,4,3,1,955,,7794798729,58,31,9,5,15469,10,233,9,6,35,60,3,73,1,
OWID_WRL,,World,2021-03-11,118575921,476893,411889,2712605,10217,8959,15212,61,53,348,1,1,1,,,,,,,,,,,,,,,,,,338451285,206134120,75805388,8230727,7414419,4,3,1,951,,7794798729,58,31,9,5,15469,10,233,9,6,35,60,3,73,1,
OWID_WRL,,World,2021-03-12,119065239,489318,417932,2722708,10103,8874,15275,63,54,349,1,1,1,,,,,,,,,,,,,,,,,,348166461,212979109,78826102,9715176,7633726,4,3,1,979,,7794798729,58,31,9,5,15469,10,233,9,6,35,60,3,73,1,
OWID_WRL,,World,2021-03-13,119519454,454215,424165,2731166,8458,8925,15333,58,54,350,1,1,1,,,,,,,,,,,,,,,,,,358221087,220549796,82077819,10054626,8005263,5,3,1,1027,,7794798729,58,31,9,5,15469,10,233,9,6,35,60,3,73,1,
OWID_WRL,,World,2021-03-14,119879896,360442,423031,2737135,5969,8934,15379,46,54,351,1,1,1,,,,,,,,,,,,,,,,,,375030907,223730484,83150060,16809820,9626405,5,3,1,1235,,7794798729,58,31,9,5,15469,10,233,9,6,35,60,3,73,1,
OWID_WRL,,World,2021-03-15,120228672,348776,430198,2744583,7448,8986,15424,45,55,352,1,1,1,,,,,,,,,,,,,,,,,,384860542,230613824,86090037,9829635,10045641,5,3,1,1289,,7794798729,58,31,9,5,15469,10,233,9,6,35,60,3,73,1,
OWID_WRL,,World,2021-03-16,120701736,473064,438537,2755145,10562,8974,15485,61,56,353,1,1,1,,,,,,,,,,,,,,,,,,393159061,236013043,88703105,8298519,10240691,5,3,1,1314,,7794798729,58,31,9,5,15469,10,233,9,6,35,60,3,73,1,
OWID_WRL,,World,2021-03-17,121241165,539429,448877,2765449,10304,9009,15554,69,58,355,1,1,1,,,,,,,,,,,,,,,,,,403556880,242635579,92480039,10397819,10476617,5,3,1,1344,,7794798729,58,31,9,5,15469,10,233,9,6,35,60,3,73,1,
OWID_WRL,,World,2021-03-18,121794725,553560,459829,2776473,11024,9124,15625,71,59,356,1,1,1,,,,,,,,,,,,,,,,,,413369152,249439887,95333895,9812272,10702552,5,3,1,1373,,7794798729,58,31,9,5,15469,10,233,9,6,35,60,3,73,1,
OWID_WRL,,World,2021-03-19,122356426,561701,470170,2787546,11073,9263,15697,72,60,358,1,1,1,,,,,,,,,,,,,,,,,,425664310,257971571,98605956,12295158,11071121,5,3,1,1420,,7794798729,58,31,9,5,15469,10,233,9,6,35,60,3,73,1,
OWID_WRL,,World,2021-03-20,122855391,498965,476562,2796248,8702,9297,15761,64,61,359,1,1,1,,,,,,,,,,,,,,,,,,445262993,265558543,100837259,19598683,12434558,6,3,1,1595,,7794798729,58,31,9,5,15469,10,233,9,6,35,60,3,73,1,
OWID_WRL,,World,2021-03-21,123278760,423369,485552,2802158,5910,9289,15816,54,62,359,1,1,1,,,,,,,,,,,,,,,,,,451295433,269607195,102540752,6032440,10894932,6,3,1,1398,,7794798729,58,31,9,5,15469,10,233,9,6,35,60,3,73,1,
OWID_WRL,,World,2021-03-22,123695424,416664,495250,2810197,8039,9373,15869,53,64,361,1,1,1,,,,,,,,,,,,,,,,,,467229269,277200895,105188073,15933836,11766961,6,4,1,1510,,7794798729,58,31,9,5,15469,10,233,9,6,35,60,3,73,1,
OWID_WRL,,World,2021-03-23,124209754,514330,501145,2821701,11504,9508,15935,66,64,362,1,1,1,,,,,,,,,,,,,,,,,,479994422,284599415,107799369,12765153,12405052,6,4,1,1591,,7794798729,58,31,9,5,15469,10,233,9,6,35,60,3,73,1,
OWID_WRL,,World,2021-03-24,124843313,633559,514593,2832127,10426,9525,16016,81,66,363,1,1,1,,,,,,,,,,,,,,,,,,493853641,292476131,110696096,13859219,12899537,6,4,1,1655,,7794798729,58,31,9,5,15469,10,233,9,6,35,60,3,73,1,
OWID_WRL,,World,2021-03-25,125494744,651431,528574,2843805,11678,9619,16100,84,68,365,1,1,1,,,,,,,,,,,,,,,,,,510081863,299974107,113694787,16228222,13816102,7,4,1,1772,,7794798729,58,31,9,5,15469,10,233,9,6,35,60,3,73,1,
OWID_WRL,,World,2021-03-26,126136151,641407,539961,2856698,12893,9879,16182,82,69,366,2,1,1,,,,,,,,,,,,,,,,,,528474703,308769989,117057296,18392840,14687199,7,4,2,1884,,7794798729,58,31,9,5,15469,10,233,9,6,35,60,3,73,1,
OWID_WRL,,World,2021-03-27,126720885,584734,552213,2866834,10136,10084,16257,75,71,368,1,1,1,,,,,,,,,,,,,,,,,,543433310,315847682,119558236,14958607,14024331,7,4,2,1799,,7794798729,58,31,9,5,15469,10,233,9,6,35,60,3,73,1,
OWID_WRL,,World,2021-03-28,127190969,470084,558887,2874074,7240,10274,16317,60,72,369,1,1,1,,,,,,,,,,,,,,,,,,554653223,320379736,121724599,11219913,14765399,7,4,2,1894,,7794798729,58,31,9,5,15469,10,233,9,6,35,60,3,73,1,
OWID_WRL,,World,2021-03-29,127649218,458249,564828,2882533,8459,10334,16376,59,72,370,1,1,1,,,,,,,,,,,,,,,,,,569664760,326996317,125655091,15011537,14633642,7,4,2,1877,,7794798729,58,31,9,5,15469,10,233,9,6,35,60,3,73,1,
OWID_WRL,,World,2021-03-30,128217671,568453,572560,2894627,12094,10418,16449,73,73,371,2,1,1,,,,,,,,,,,,,,,,,,582700354,333095347,128248813,13035594,14672276,7,4,2,1882,,7794798729,58,31,9,5,15469,10,233,9,6,35,60,3,73,1,
OWID_WRL,,World,2021-03-31,128900602,682931,579613,2907470,12843,10763,16537,88,74,373,2,1,1,,,,,,,,,,,,,,,,,,601611411,343273190,131961998,18911057,15393967,8,4,2,1975,,7794798729,58,31,9,5,15469,10,233,9,6,35,60,3,73,1,
OWID_WRL,,World,2021-04-01,129612463,711861,588246,2919881,12411,10868,16628,91,75,375,2,1,1,,,,,,,,,,,,,,,,,,621667968,352211057,136032341,20056557,15940872,8,5,2,2045,,7794798729,58,31,9,5,15469,10,233,9,6,35,60,3,73,1,
OWID_WRL,,World,2021-04-02,130246258,633795,587158,2930562,10681,10552,16709,81,75,376,1,1,1,,,,,,,,,,,,,,,,,,643061620,362479139,139765191,21393652,16369560,8,5,2,2100,,7794798729,58,31,9,5,15469,10,233,9,6,35,60,3,73,1,
OWID_WRL,,World,2021-04-03,130775895,529637,579287,2939705,9143,10410,16777,68,74,377,1,1,1,,,,,,,,,,,,,,,,,,656894682,370258637,142943661,13833062,16208767,8,5,2,2079,,7794798729,58,31,9,5,15469,10,233,9,6,35,60,3,73,1,
OWID_WRL,,World,2021-04-04,131328859,552964,591127,2947088,7383,10431,16848,71,76,378,1,1,1,,,,,,,,,,,,,,,,,,669681195,377268819,145439022,12786513,16432567,9,5,2,2108,,7794798729,58,31,9,5,15469,10,233,9,6,35,60,3,73,1,
OWID_WRL,,World,2021-04-05,131818168,489309,595564,2954802,7714,10324,16911,63,76,379,1,1,1,,,,,,,,,,,,,,,,,,683040441,385109533,148041640,13359246,16196526,9,5,2,2078,,7794798729,58,31,9,5,15469,10,233,9,6,35,60,3,73,1,
OWID_WRL,,World,2021-04-06,132422385,604217,600673,2967421,12619,10399,16989,78,77,381,2,1,1,,,,,,,,,,,,,,,,,,698847076,394257601,151248869,15806635,16592389,9,5,2,2129,,7794798729,58,31,9,5,15469,10,233,9,6,35,60,3,73,1,
OWID_WRL,,World,2021-04-07,133106714,684329,600873,2982759,15338,10756,17076,88,77,383,2,1,1,,,,,,,,,,,,,,,,,,716689030,404556863,155529367,17841954,16439660,9,5,2,2109,,7794798729,58,31,9,5,15469,10,233,9,6,35,60,3,73,1,
OWID_WRL,,World,2021-04-08,133946580,839866,619160,2997594,14835,11102,17184,108,79,385,2,1,1,,,,,,,,,,,,,,,,,,739738955,416811681,160372002,23049925,16867284,9,5,2,2164,,7794798729,58,31,9,5,15469,10,233,9,6,35,60,3,73,1,
OWID_WRL,,World,2021-04-09,134694637,748057,635483,3011487,13893,11561,17280,96,82,386,2,1,1,,,,,,,,,,,,,,,,,,760637140,427282418,165014021,20898185,16796503,10,5,2,2155,,7794798729,58,31,9,5,15469,10,233,9,6,35,60,3,73,1,
OWID_WRL,,World,2021-04-10,135359296,664659,654772,3024347,12860,12092,17365,85,84,388,2,2,1,,,,,,,,,,,,,,,,,,779054427,437626518,170061976,18417287,17451392,10,6,2,2239,,7794798729,58,31,9,5,15469,10,233,9,6,35,60,3,73,1,
OWID_WRL,,World,2021-04-11,136050166,690870,674472,3033728,9381,12377,17454,89,87,389,1,2,1,,,,,,,,,,,,,,,,,,792647942,445284849,173381387,13593515,17566678,10,6,2,2254,,7794798729,58,31,9,5,15469,10,233,9,6,35,60,3,73,1,
OWID_WRL,,World,2021-04-12,136666636,616470,692638,3043609,9881,12687,17533,79,89,390,1,2,1,,,,,,,,,,,,,,,,,,810649619,454829902,177425899,18001677,18229883,10,6,2,2339,,7794798729,58,31,9,5,15469,10,233,9,6,35,60,3,73,1,
OWID_WRL,,World,2021-04-13,137446291,779655,717701,3057440,13831,12860,17633,100,92,392,2,2,1,,,,,,,,,,,,,,,,,,829634462,465656852,181889393,18984843,18683912,11,6,2,2397,,7794798729,58,31,9,5,15469,10,233,9,6,35,60,3,73,1,
OWID_WRL,,World,2021-04-14,138263344,817053,736661,3071539,14099,12683,17738,105,95,394,2,2,1,,,,,,,,,,,,,,,,,,847781660,475919248,186590251,18147198,18727519,11,6,2,2403,,7794798729,58,31,9,5,15469,10,233,9,6,35,60,3,73,1,
OWID_WRL,,World,2021-04-15,139080124,816780,733363,3085212,13673,12517,17843,105,94,396,2,2,1,,,,,,,,,,,,,,,,,,865890046,484757195,191478032,18108386,18021584,11,6,2,2312,,7794798729,58,31,9,5,15469,10,233,9,6,35,60,3,73,1,
OWID_WRL,,World,2021-04-16,139935059,854935,748632,3098470,13258,12426,17952,110,96,398,2,2,1,,,,,,,,,,,,,,,,,,883050697,493147545,196251798,17160651,17487651,11,6,3,2244,,7794798729,58,31,9,5,15469,10,233,9,6,35,60,3,73,1,
OWID_WRL,,World,2021-04-17,140723260,788201,766281,3111025,12555,12383,18053,101,98,399,2,2,1,,,,,,,,,,,,,,,,,,896596897,499981724,200274436,13546200,16791781,12,6,3,2154,,7794798729,58,31,9,5,15469,10,233,9,6,35,60,3,73,1,
OWID_WRL,,World,2021-04-18,141408858,685598,765527,3120085,9060,12337,18141,88,98,400,1,2,1,,,,,,,,,,,,,,,,,,911237889,507026465,205362199,14640992,16941421,12,6,3,2173,,7794798729,58,31,9,5,15469,10,233,9,6,35,60,3,73,1,
OWID_WRL,,World,2021-04-19,142102452,693594,776545,3130974,10889,12481,18230,89,100,402,1,2,1,,,,,,,,,,,,,,,,,,926364594,514694981,209566075,15126705,16530711,12,7,3,2121,,7794798729,58,31,9,5,15469,10,233,9,6,35,60,3,73,1,
OWID_WRL,,World,2021-04-20,142956553,854101,787180,3145288,14314,12550,18340,110,101,404,2,2,1,,,,,,,,,,,,,,,,,,938673545,521329959,214416308,12308951,15577012,12,7,3,1998,,7794798729,58,31,9,5,15469,10,233,9,6,35,60,3,73,1,
OWID_WRL,,World,2021-04-21,143846526,889973,797597,3160247,14959,12673,18454,114,102,405,2,2,1,,,,,,,,,,,,,,,,,,956792462,529299584,218943860,18118917,15572972,12,7,3,1998,,7794798729,58,31,9,5,15469,10,233,9,6,35,60,3,73,1,
OWID_WRL,,World,2021-04-22,144746302,899776,809454,3174142,13895,12704,18570,115,104,407,2,2,1,,,,,,,,,,,,,,,,,,978805807,537906879,225145761,22013345,16130823,13,7,3,2069,,7794798729,58,31,9,5,15469,10,233,9,6,35,60,3,73,1,
OWID_WRL,,World,2021-04-23,145650061,903759,816429,3189327,15185,12980,18686,116,105,409,2,2,1,,,,,,,,,,,,,,,,,,997486670,545689105,230801516,18680863,16347996,13,7,3,2097,,7794798729,58,31,9,5,15469,10,233,9,6,35,60,3,73,1,
OWID_WRL,,World,2021-04-24,146471133,821072,821125,3202618,13291,13085,18791,105,105,411,2,2,1,,,,,,,,,,,,,,,,,,1010541692,550420995,234888717,13055022,16277828,13,7,3,2088,,7794798729,58,31,9,5,15469,10,233,9,6,35,60,3,73,1,
OWID_WRL,,World,2021-04-25,147193577,722444,826388,3213046,10428,13280,18884,93,106,412,1,2,1,,,,,,,,,,,,,,,,,,1030309979,559658596,240500758,19768287,17010299,13,7,3,2182,,7794798729,58,31,9,5,15469,10,233,9,6,35,60,3,73,1,
OWID_WRL,,World,2021-04-26,147876238,682661,824827,3224693,11647,13388,18971,88,106,414,1,2,1,,,,,,,,,,,,,,,,,,1046906824,566552511,245452045,16596845,17220319,13,7,3,2209,,7794798729,58,31,9,5,15469,10,233,9,6,35,60,3,73,1,
OWID_WRL,,World,2021-04-27,148720688,844450,823448,3239656,14963,13481,19079,108,106,416,2,2,1,,,,,,,,,,,,,,,,,,1066395784,573932899,250725450,19488960,18246034,14,7,3,2341,,7794798729,58,31,9,5,15469,10,233,9,6,35,60,3,73,1,
OWID_WRL,,World,2021-04-28,149626705,906017,825740,3255707,16051,13637,19196,116,106,418,2,2,1,,,,,,,,,,,,,,,,,,1091272678,584094396,257152456,24876894,19211459,14,7,3,2465,,7794798729,58,31,9,5,15469,10,233,9,6,35,60,3,73,1,
OWID_WRL,,World,2021-04-29,150524359,897654,825437,3271470,15763,13904,19311,115,106,420,2,2,1,,,,,,,,,,,,,,,,,,1115561421,592924771,264317045,24288743,19536516,14,8,3,2506,,7794798729,58,31,9,5,15469,10,233,9,6,35,60,3,73,1,
OWID_WRL,,World,2021-04-30,151403370,879011,821901,3285484,14014,13737,19424,113,105,421,2,2,1,,,,,,,,,,,,,,,,,,1140798119,600447119,270217916,25236698,20473064,15,8,3,2627,,7794798729,58,31,9,5,15469,10,233,9,6,35,60,3,73,1,
OWID_WRL,,World,2021-05-01,152200137,796767,818429,3298751,13267,13733,19526,102,105,423,2,2,1,,,,,,,,,,,,,,,,,,1155868003,605599386,274653427,15069884,20760902,15,8,4,2663,,7794798729,58,31,9,5,15469,10,233,9,6,35,60,3,73,1,
OWID_WRL,,World,2021-05-02,152874521,674384,811563,3308778,10027,13676,19612,87,104,424,1,2,1,,,,,,,,,,,,,,,,,,1168548559,609871485,278104074,12680556,19748369,15,8,4,2534,,7794798729,58,31,9,5,15469,10,233,9,6,35,60,3,73,1,
OWID_WRL,,World,2021-05-03,153556042,681521,811401,3320579,11801,13698,19700,87,104,426,2,2,1,,,,,,,,,,,,,,,,,,1181999834,614818219,281710971,13451275,19299001,15,8,4,2476,,7794798729,58,31,9,5,15469,10,233,9,6,35,60,3,73,1,
OWID_WRL,,World,2021-05-04,154363468,807426,806111,3334642,14063,13569,19803,104,103,428,2,2,1,,,,,,,,,,,,,,,,,,1200633756,621937337,287545065,18633922,19176853,15,8,4,2460,,7794798729,58,31,9,5,15469,10,233,9,6,35,60,3,73,1,
OWID_WRL,,World,2021-05-05,155204661,841193,796851,3349527,14885,13403,19911,108,102,430,2,2,1,,,,,,,,,,,,,,,,,,1220193307,629788586,294245853,19559551,18417233,16,8,4,2363,,7794798729,58,31,9,5,15469,10,233,9,6,35,60,3,73,1,
OWID_WRL,,World,2021-05-06,156074676,870015,792902,3364177,14650,13244,20023,112,102,432,2,2,1,,,,,,,,,,,,,,,,,,1243861172,638060922,301267886,23667865,18328536,16,8,4,2351,,7794798729,58,31,9,5,15469,10,233,9,6,35,60,3,73,1,
OWID_WRL,,World,2021-05-07,156907075,832399,786244,3378576,14399,13299,20130,107,101,433,2,2,1,,,,,,,,,,,,,,,,,,1270411536,646496634,308790540,26550364,18516202,16,8,4,2375,,7794798729,58,31,9,5,15469,10,233,9,6,35,60,3,73,1,
OWID_WRL,,World,2021-05-08,157692803,785728,784667,3391878,13302,13304,20231,101,101,435,2,2,1,,,,,,,,,,,,,,,,,,1290182553,651601560,313934574,19771017,19187793,17,8,4,2462,,7794798729,58,31,9,5,15469,10,233,9,6,35,60,3,73,1,
OWID_WRL,,World,2021-05-09,158334377,641574,779979,3402088,10210,13330,20313,82,100,436,1,2,1,,,,,,,,,,,,,,,,,,1306403194,656898131,318054620,16220641,19693519,17,8,4,2526,,7794798729,58,31,9,5,15469,10,233,9,6,35,60,3,73,1,
OWID_WRL,,World,2021-05-10,158956206,621829,771452,3413212,11124,13233,20393,80,99,438,1,2,1,,,,,,,,,,,,,,,,,,1329209341,664909416,323787208,22806147,21029930,17,9,4,2698,,7794798729,58,31,9,5,15469,10,233,9,6,35,60,3,73,1,
OWID_WRL,,World,2021-05-11,159694690,738484,761603,3427456,14244,13259,20487,95,98,440,2,2,1,,,,,,,,,,,,,,,,,,1353863849,674197966,330949197,24654508,21890013,17,9,4,2808,,7794798729,58,31,9,5,15469,10,233,9,6,35,60,3,73,1,
OWID_WRL,,World,2021-05-12,160454737,760047,750011,3441312,13856,13112,20585,98,96,441,2,2,1,,,,,,,,,,,,,,,,,,1380098613,682785031,337113251,26234764,22843615,18,9,4,2931,,7794798729,58,31,9,5,15469,10,233,9,6,35,60,3,73,1,
OWID_WRL,,World,2021-05-13,161180001,725264,729332,3455000,13688,12975,20678,93,94,443,2,2,1,,,,,,,,,,,,,,,,,,1406904690,690453841,343481550,26806077,23291931,18,9,4,2988,,7794798729,58,31,9,5,15469,10,233,9,6,35,60,3,73,1,
OWID_WRL,,World,2021-05-14,161898023,718022,712993,3468067,13067,12784,20770,92,91,445,2,2,1,,,,,,,,,,,,,,,,,,1433101169,697796202,348763947,26196479,23241376,18,9,4,2982,,7794798729,58,31,9,5,15469,10,233,9,6,35,60,3,73,1,
OWID_WRL,,World,2021-05-15,162526046,628023,690463,3480276,12209,12628,20851,81,89,446,2,2,1,,,,,,,,,,,,,,,,,,1456548558,704190601,353340386,23447389,23766572,19,9,5,3049,,7794798729,58,31,9,5,15469,10,233,9,6,35,60,3,73,1,
OWID_WRL,,World,2021-05-16,163074638,548592,677180,3490333,10057,12606,20921,70,87,448,1,2,1,,,,,,,,,,,,,,,,,,1480527317,710337420,357339473,23978759,24874875,19,9,5,3191,,7794798729,58,31,9,5,15469,10,233,9,6,35,60,3,73,1,
OWID_WRL,,World,2021-05-17,163614666,540028,665494,3501537,11204,12618,20990,69,85,449,1,2,1,,,,,,,,,,,,,,,,,,1507404268,717765272,361739380,26876951,25456418,19,9,5,3266,,7794798729,58,31,9,5,15469,10,233,9,6,35,60,3,73,1,
OWID_WRL,,World,2021-05-18,164237186,622520,648928,3515739,14202,12612,21070,80,83,451,2,2,1,,,,,,,,,,,,,,,,,,1534863747,726191551,366890807,27459479,25857128,20,9,5,3317,,7794798729,58,31,9,5,15469,10,233,9,6,35,60,3,73,1,
OWID_WRL,,World,2021-05-19,164908812,671626,636296,3529313,13574,12572,21156,86,82,453,2,2,1,,,,,,,,,,,,,,,,,,1562241655,734360944,372173456,27377908,26020435,20,9,5,3338,,7794798729,58,31,9,5,15469,10,233,9,6,35,60,3,73,1,
OWID_WRL,,World,2021-05-20,165188760,628615,622489,3542369,13056,12481,21192,81,80,454,2,2,1,,,,,,,,,,,,,,,,,,1596557483,744681622,378542442,34315828,27093256,20,10,5,3476,,7794798729,58,31,9,5,15469,10,233,9,6,35,60,3,73,1,
OWID_WRL,,World,2021-05-21,165814775,626015,609346,3555380,13011,12473,21272,80,78,456,2,2,1,,,,,,,,,,,,,,,,,,1626509776,752510810,384183312,29952293,27629801,21,10,5,3545,,7794798729,58,31,9,5,15469,10,233,9,6,35,60,3,73,1,
OWID_WRL,,World,2021-05-22,166392974,578199,602228,3566920,11540,12378,21347,74,77,458,1,2,1,,,,,,,,,,,,,,,,,,1653963636,761217358,389048738,27453860,28202154,21,10,5,3618,,7794798729,58,31,9,5,15469,10,233,9,6,35,60,3,73,1,
OWID_WRL,,World,2021-05-23,166869511,476537,591934,3576679,9759,12335,21408,61,76,459,1,2,1,,,,,,,,,,,,,,,,,,1677840168,767423482,392948053,23876532,28187550,22,10,5,3616,,7794798729,58,31,9,5,15469,10,233,9,6,35,60,3,73,1,
OWID_WRL,,World,2021-05-24,167324050,454539,579722,3585735,9056,12028,21466,58,74,460,1,2,1,,,,,,,,,,,,,,,,,,1706575085,779112172,397146759,28734917,28452974,22,10,5,3650,,7794798729,58,31,9,5,15469,10,233,9,6,35,60,3,73,1,
OWID_WRL,,World,2021-05-25,167856231,532181,566816,3598925,13190,11884,21534,68,73,462,2,2,1,,,,,,,,,,,,,,,,,,1746402337,791808085,404480725,39827252,30219799,22,10,5,3877,,7794798729,58,31,9,5,15469,10,233,9,6,35,60,3,73,1,
OWID_WRL,,World,2021-05-26,168424816,568585,552096,3611662,12737,11764,21607,73,71,463,2,2,1,,,,,,,,,,,,,,,,,,1782123580,801989757,409762176,35721243,31411704,23,10,5,4030,,7794798729,58,31,9,5,15469,10,233,9,6,35,60,3,73,1,
OWID_WRL,,World,2021-05-27,168979539,554723,541540,3624721,13059,11765,21678,71,69,465,2,2,1,,,,,,,,,,,,,,,,,,1815138640,811808352,415234051,33015060,31225880,23,10,5,4006,,7794798729,58,31,9,5,15469,10,233,9,6,35,60,3,73,1,
OWID_WRL,,World,2021-05-28,169479825,500286,523579,3636683,11962,11615,21743,64,67,467,2,1,1,,,,,,,,,,,,,,,,,,1848675845,821623360,420535944,33537205,31738010,24,11,5,4072,,7794798729,58,31,9,5,15469,10,233,9,6,35,60,3,73,1,
OWID_WRL,,World,2021-05-29,169961141,481316,509738,3647437,10754,11502,21804,62,65,468,1,1,1,,,,,,,,,,,,,,,,,,1880611785,831554440,424599558,31935940,32378307,24,11,5,4154,,7794798729,58,31,9,5,15469,10,233,9,6,35,60,3,73,1,
OWID_WRL,,World,2021-05-30,170352567,391426,497579,3655562,8125,11269,21855,50,64,469,1,1,1,,,,,,,,,,,,,,,,,,1910424549,839119506,429018793,29812764,33226340,25,11,6,4263,,7794798729,58,31,9,5,15469,10,233,9,6,35,60,3,73,1,
OWID_WRL,,World,2021-05-31,170731471,378904,486774,3664280,8718,11221,21903,49,62,470,1,1,1,,,,,,,,,,,,,,,,,,1946910392,847093592,433753008,36485843,34333615,25,11,6,4405,,7794798729,58,31,9,5,15469,10,233,9,6,35,60,3,73,1,
