countryterritoryCode,continentExp,countriesAndTerritories,dateRep,total_cases,cases,new_cases_smoothed,total_deaths,deaths,new_deaths_smoothed,total_cases_per_million,new_cases_per_million,new_cases_smoothed_per_million,total_deaths_per_million,new_deaths_per_million,new_deaths_smoothed_per_million,reproduction_rate,icu_patients,icu_patients_per_million,hosp_patients,hosp_patients_per_million,weekly_icu_admissions,weekly_icu_admissions_per_million,weekly_hosp_admissions,weekly_hosp_admissions_per_million,new_tests,total_tests,total_tests_per_thousand,new_tests_per_thousand,new_tests_smoothed,new_tests_smoothed_per_thousand,positive_rate,tests_per_case,tests_units,total_vaccinations,people_vaccinated,people_fully_vaccinated,new_vaccinations,new_vaccinations_smoothed,total_vaccinations_per_hundred,people_vaccinated_per_hundred,people_fully_vaccinated_per_hundred,new_vaccinations_smoothed_per_million,stringency_index,popData2019,population_density,median_age,aged_65_older,aged_70_older,gdp_per_capita,extreme_poverty,cardiovasc_death_rate,diabetes_prevalence,female_smokers,male_smokers,handwashing_facilities,hospital_beds_per_thousand,life_expectancy,human_development_index,excess_mortality
JPN,Asia,Japan,2020-07-01,18838,223,125,976,4,1,149,2,1,8,0,0,2,,,,,,,,,6564,396783,3,0,4426,0,0,35,people tested,,,,,,,,,,26,126476458,348,48,27,18,39002,,79,6,11,34,,13,85,1,
JPN,Asia,Japan,2020-07-02,19055,217,143,977,1,1,151,2,1,8,0,0,2,,,,,,,,,5460,402243,3,0,4570,0,0,32,people tested,,,,,,,,,,26,126476458,348,48,27,18,39002,,79,6,11,34,,13,85,1,
JPN,Asia,Japan,2020-07-03,19185,130,146,977,0,1,152,1,1,8,0,0,2,,,,,,,,,6597,408840,3,0,4833,0,0,33,people tested,,,,,,,,,,26,126476458,348,48,27,18,39002,,79,6,11,34,,13,85,1,
JPN,Asia,Japan,2020-07-04,19461,276,172,977,0,1,154,2,1,8,0,0,2,,,,,,,,,3134,411974,3,0,4776,0,0,28,people tested,,,,,,,,,,26,126476458,348,48,27,18,39002,,79,6,11,34,,13,85,1,
JPN,Asia,Japan,2020-07-05,19668,207,186,977,0,1,156,2,1,8,0,0,2,,,,,,,,,2618,414592,3,0,4933,0,0,26,people tested,,,,,,,,,,26,126476458,348,48,27,18,39002,,79,6,11,34,,13,85,1,
JPN,Asia,Japan,2020-07-06,19848,180,196,978,1,1,157,1,2,8,0,0,2,,,,,,,,,8228,422820,3,0,5322,0,0,27,people tested,,,,,,,,,,26,126476458,348,48,27,18,39002,,79,6,11,34,,13,85,1,
JPN,Asia,Japan,2020-07-07,20055,207,206,981,3,1,159,2,2,8,0,0,2,,,,,,,,,7099,429919,3,0,5671,0,0,28,people tested,,,,,,,,,,26,126476458,348,48,27,18,39002,,79,6,11,34,,13,85,1,
JPN,Asia,Japan,2020-07-08,20261,206,203,982,1,1,160,2,2,8,0,0,2,,,,,,,,,7725,437644,3,0,5837,0,0,29,people tested,,,,,,,,,,26,126476458,348,48,27,18,39002,,79,6,11,34,,13,85,1,
JPN,Asia,Japan,2020-07-09,20617,356,223,982,0,1,163,3,2,8,0,0,2,,,,,,,,,7700,445344,4,0,6157,0,0,28,people tested,,,,,,,,,,26,126476458,348,48,27,18,39002,,79,6,11,34,,13,85,1,
JPN,Asia,Japan,2020-07-10,21044,427,266,982,0,1,166,3,2,8,0,0,2,,,,,,,,,8955,454299,4,0,6494,0,0,24,people tested,,,,,,,,,,26,126476458,348,48,27,18,39002,,79,6,11,34,,13,85,1,
JPN,Asia,Japan,2020-07-11,21430,386,281,982,0,1,169,3,2,8,0,0,2,,,,,,,,,5362,459661,4,0,6812,0,0,24,people tested,,,,,,,,,,26,126476458,348,48,27,18,39002,,79,6,11,34,,13,85,1,
JPN,Asia,Japan,2020-07-12,21841,411,310,983,1,1,173,3,2,8,0,0,2,,,,,,,,,1838,461499,4,0,6701,0,0,22,people tested,,,,,,,,,,26,126476458,348,48,27,18,39002,,79,6,11,34,,13,85,1,
JPN,Asia,Japan,2020-07-13,22125,284,325,984,1,1,175,2,3,8,0,0,2,,,,,,,,,10552,472051,4,0,7033,0,0,22,people tested,,,,,,,,,,26,126476458,348,48,27,18,39002,,79,6,11,34,,13,85,1,
JPN,Asia,Japan,2020-07-14,22437,312,340,984,0,0,177,2,3,8,0,0,2,,,,,,,,,11154,483205,4,0,7612,0,0,22,people tested,,,,,,,,,,26,126476458,348,48,27,18,39002,,79,6,11,34,,13,85,1,
JPN,Asia,Japan,2020-07-15,23172,735,416,984,0,0,183,6,3,8,0,0,2,,,,,,,,,11343,494548,4,0,8129,0,0,20,people tested,,,,,,,,,,26,126476458,348,48,27,18,39002,,79,6,11,34,,13,85,1,
JPN,Asia,Japan,2020-07-16,23510,338,413,985,1,0,186,3,3,8,0,0,2,,,,,,,,,16683,511231,4,0,9412,0,0,23,people tested,,,,,,,,,,26,126476458,348,48,27,18,39002,,79,6,11,34,,13,85,1,
JPN,Asia,Japan,2020-07-17,24104,594,437,985,0,0,191,5,3,8,0,0,2,,,,,,,,,12994,524225,4,0,9989,0,0,23,people tested,,,,,,,,,,26,126476458,348,48,27,18,39002,,79,6,11,34,,13,85,1,
JPN,Asia,Japan,2020-07-18,24946,842,502,986,1,1,197,7,4,8,0,0,2,,,,,,,,,7166,531391,4,0,10247,0,0,20,people tested,,,,,,,,,,26,126476458,348,48,27,18,39002,,79,6,11,34,,13,85,1,
JPN,Asia,Japan,2020-07-19,25446,500,515,986,0,0,201,4,4,8,0,0,1,,,,,,,,,3262,534653,4,0,10451,0,0,20,people tested,,,,,,,,,,26,126476458,348,48,27,18,39002,,79,6,11,34,,13,85,1,
JPN,Asia,Japan,2020-07-20,25706,260,512,988,2,1,203,2,4,8,0,0,1,,,,,,,,,15959,550612,4,0,11223,0,0,22,people tested,,,,,,,,,,26,126476458,348,48,27,18,39002,,79,6,11,34,,13,85,1,
JPN,Asia,Japan,2020-07-21,26463,757,575,988,0,1,209,6,5,8,0,0,1,,,,,,,,,12114,562726,4,0,11360,0,0,20,people tested,,,,,,,,,,26,126476458,348,48,27,18,39002,,79,6,11,34,,13,85,1,
JPN,Asia,Japan,2020-07-22,27136,673,566,990,2,1,215,5,4,8,0,0,1,,,,,,,,,16357,579083,5,0,12076,0,0,21,people tested,,,,,,,,,,26,126476458,348,48,27,18,39002,,79,6,11,34,,13,85,1,
JPN,Asia,Japan,2020-07-23,28114,978,658,992,2,1,222,8,5,8,0,0,1,,,,,,,,,8310,587393,5,0,10880,0,0,16,people tested,,,,,,,,,,31,126476458,348,48,27,18,39002,,79,6,11,34,,13,85,1,
JPN,Asia,Japan,2020-07-24,28883,769,683,994,2,1,228,6,5,8,0,0,1,,,,,,,,,5695,593088,5,0,9838,0,0,14,people tested,,,,,,,,,,31,126476458,348,48,27,18,39002,,79,6,11,34,,13,85,1,
JPN,Asia,Japan,2020-07-25,29684,801,677,996,2,1,235,6,5,8,0,0,1,,,,,,,,,9530,602618,5,0,10175,0,0,15,people tested,,,,,,,,,,31,126476458,348,48,27,18,39002,,79,6,11,34,,13,85,1,
JPN,Asia,Japan,2020-07-26,30548,864,729,998,2,2,242,7,6,8,0,0,1,,,,,,,,,3785,606403,5,0,10250,0,0,14,people tested,,,,,,,,,,34,126476458,348,48,27,18,39002,,79,6,11,34,,13,85,1,
JPN,Asia,Japan,2020-07-27,31142,594,777,998,0,1,246,5,6,8,0,0,1,,,,,,,,,24182,630585,5,0,11425,0,0,15,people tested,,,,,,,,,,34,126476458,348,48,27,18,39002,,79,6,11,34,,13,85,1,
JPN,Asia,Japan,2020-07-28,32116,974,808,1001,3,2,254,8,6,8,0,0,1,,,,,,,,,18086,648671,5,0,12278,0,0,15,people tested,,,,,,,,,,34,126476458,348,48,27,18,39002,,79,6,11,34,,13,85,1,
JPN,Asia,Japan,2020-07-29,33382,1266,892,1001,0,2,264,10,7,8,0,0,2,,,,,,,,,18669,667340,5,0,12608,0,0,14,people tested,,,,,,,,,,34,126476458,348,48,27,18,39002,,79,6,11,34,,13,85,1,
JPN,Asia,Japan,2020-07-30,35144,1762,1004,1007,6,2,278,14,8,8,0,0,2,,,,,,,,,19687,687027,5,0,14233,0,0,14,people tested,,,,,,,,,,34,126476458,348,48,27,18,39002,,79,6,11,34,,13,85,1,
JPN,Asia,Japan,2020-07-31,36234,1090,1050,1008,1,2,286,9,8,8,0,0,1,,,,,,,,,17354,704381,6,0,15899,0,0,15,people tested,,,,,,,,,,34,126476458,348,48,27,18,39002,,79,6,11,34,,13,85,1,2
JPN,Asia,Japan,2020-08-01,37804,1570,1160,1012,4,2,299,12,9,8,0,0,1,,,,,,,,,9606,713987,6,0,15910,0,0,14,people tested,,,,,,,,,,34,126476458,348,48,27,18,39002,,79,6,11,34,,13,85,1,
JPN,Asia,Japan,2020-08-02,39116,1312,1224,1013,1,2,309,10,10,8,0,0,1,,,,,,,,,10599,724586,6,0,16883,0,0,14,people tested,,,,,,,,,,34,126476458,348,48,27,18,39002,,79,6,11,34,,13,85,1,
JPN,Asia,Japan,2020-08-03,40099,983,1280,1018,5,3,317,8,10,8,0,0,1,,,,,,,,,25794,750380,6,0,17114,0,0,13,people tested,,,,,,,,,,34,126476458,348,48,27,18,39002,,79,6,11,34,,13,85,1,
JPN,Asia,Japan,2020-08-04,41347,1248,1319,1023,5,3,327,10,10,8,0,0,1,,,,,,,,,18740,769120,6,0,17207,0,0,13,people tested,,,,,,,,,,34,126476458,348,48,27,18,39002,,79,6,11,34,,13,85,1,
JPN,Asia,Japan,2020-08-05,42686,1339,1329,1028,5,4,338,11,11,8,0,0,1,,,,,,,,,39723,808843,6,0,20215,0,0,15,people tested,,,,,,,,,,34,126476458,348,48,27,18,39002,,79,6,11,34,,13,85,1,
JPN,Asia,Japan,2020-08-06,44167,1481,1289,1034,6,4,349,12,10,8,0,0,1,,,,,,,,,22015,830858,7,0,20547,0,0,16,people tested,,,,,,,,,,32,126476458,348,48,27,18,39002,,79,6,11,34,,13,85,1,
JPN,Asia,Japan,2020-08-07,45764,1597,1361,1042,8,5,362,13,11,8,0,0,1,,,,,,,,,22698,853556,7,0,21311,0,0,16,people tested,,,,,,,,,,32,126476458,348,48,27,18,39002,,79,6,11,34,,13,85,1,
JPN,Asia,Japan,2020-08-08,47342,1578,1363,1042,0,4,374,12,11,8,0,0,1,,,,,,,,,13676,867232,7,0,21892,0,0,16,people tested,,,,,,,,,,32,126476458,348,48,27,18,39002,,79,6,11,34,,13,85,1,
JPN,Asia,Japan,2020-08-09,48782,1440,1381,1047,5,5,386,11,11,8,0,0,1,,,,,,,,,13336,880568,7,0,22283,0,0,16,people tested,,,,,,,,,,32,126476458,348,48,27,18,39002,,79,6,11,34,,13,85,1,
JPN,Asia,Japan,2020-08-10,49617,835,1360,1052,5,5,392,7,11,8,0,0,1,,,,,,,,,6440,887008,7,0,19518,0,0,14,people tested,,,,,,,,,,32,126476458,348,48,27,18,39002,,79,6,11,34,,13,85,1,
JPN,Asia,Japan,2020-08-11,50302,685,1279,1058,6,5,398,5,10,8,0,0,1,,,,,,,,,32939,919947,7,0,21547,0,0,17,people tested,,,,,,,,,,32,126476458,348,48,27,18,39002,,79,6,11,34,,13,85,1,
JPN,Asia,Japan,2020-08-12,51288,986,1229,1066,8,5,406,8,10,8,0,0,1,,,,,,,,,25782,945729,7,0,19555,0,0,16,people tested,,,,,,,,,,32,126476458,348,48,27,18,39002,,79,6,11,34,,13,85,1,
JPN,Asia,Japan,2020-08-13,52471,1183,1186,1073,7,6,415,9,9,8,0,0,1,,,,,,,,,21062,966791,8,0,19419,0,0,16,people tested,,,,,,,,,,32,126476458,348,48,27,18,39002,,79,6,11,34,,13,85,1,
JPN,Asia,Japan,2020-08-14,53818,1347,1151,1080,7,5,426,11,9,9,0,0,1,,,,,,,,,55240,1022031,8,0,24068,0,0,21,people tested,,,,,,,,,,32,126476458,348,48,27,18,39002,,79,6,11,34,,13,85,1,
JPN,Asia,Japan,2020-08-15,55051,1233,1101,1093,13,7,435,10,9,9,0,0,1,,,,,,,,,11750,1033781,8,0,23793,0,0,22,people tested,,,,,,,,,,32,126476458,348,48,27,18,39002,,79,6,11,34,,13,85,1,
JPN,Asia,Japan,2020-08-16,56074,1023,1042,1103,10,8,443,8,8,9,0,0,1,,,,,,,,,7438,1041219,8,0,22950,0,0,22,people tested,,,,,,,,,,32,126476458,348,48,27,18,39002,,79,6,11,34,,13,85,1,
JPN,Asia,Japan,2020-08-17,56717,643,1014,1112,9,9,448,5,8,9,0,0,1,,,,,,,,,25835,1067054,8,0,25721,0,0,25,people tested,,,,,,,,,,32,126476458,348,48,27,18,39002,,79,6,11,34,,13,85,1,
JPN,Asia,Japan,2020-08-18,57636,919,1048,1135,23,11,456,7,8,9,0,0,1,,,,,,,,,21130,1088184,9,0,24034,0,0,23,people tested,,,,,,,,,,32,126476458,348,48,27,18,39002,,79,6,11,34,,13,85,1,
JPN,Asia,Japan,2020-08-19,58728,1092,1063,1148,13,12,464,9,8,9,0,0,1,,,,,,,,,21937,1110121,9,0,23485,0,0,22,people tested,,,,,,,,,,32,126476458,348,48,27,18,39002,,79,6,11,34,,13,85,1,
JPN,Asia,Japan,2020-08-20,59900,1172,1061,1157,9,12,474,9,8,9,0,0,1,,,,,,,,,21889,1132010,9,0,23603,0,0,22,people tested,,,,,,,,,,32,126476458,348,48,27,18,39002,,79,6,11,34,,13,85,1,
JPN,Asia,Japan,2020-08-21,60949,1049,1019,1175,18,14,482,8,8,9,0,0,1,,,,,,,,,21866,1153876,9,0,18835,0,0,18,people tested,,,,,,,,,,32,126476458,348,48,27,18,39002,,79,6,11,34,,13,85,1,
JPN,Asia,Japan,2020-08-22,61916,967,981,1179,4,12,490,8,8,9,0,0,1,,,,,,,,,13348,1167224,9,0,19063,0,0,19,people tested,,,,,,,,,,32,126476458,348,48,27,18,39002,,79,6,11,34,,13,85,1,
JPN,Asia,Japan,2020-08-23,62658,742,941,1188,9,12,495,6,7,9,0,0,1,,,,,,,,,10953,1178177,9,0,19565,0,0,21,people tested,,,,,,,,,,32,126476458,348,48,27,18,39002,,79,6,11,34,,13,85,1,
JPN,Asia,Japan,2020-08-24,63158,500,920,1201,13,13,499,4,7,9,0,0,1,,,,,,,,,22051,1200228,9,0,19025,0,0,21,people tested,,,,,,,,,,32,126476458,348,48,27,18,39002,,79,6,11,34,,13,85,1,
JPN,Asia,Japan,2020-08-25,63888,730,893,1219,18,12,505,6,7,10,0,0,1,,,,,,,,,18238,1218466,10,0,18612,0,0,21,people tested,,,,,,,,,,32,126476458,348,48,27,18,39002,,79,6,11,34,,13,85,1,
JPN,Asia,Japan,2020-08-26,64779,891,864,1230,11,12,512,7,7,10,0,0,1,,,,,,,,,19353,1237819,10,0,18243,0,0,21,people tested,,,,,,,,,,32,126476458,348,48,27,18,39002,,79,6,11,34,,13,85,1,
JPN,Asia,Japan,2020-08-27,65653,874,822,1241,11,12,519,7,6,10,0,0,1,,,,,,,,,21546,1259365,10,0,18194,0,0,22,people tested,,,,,,,,,,32,126476458,348,48,27,18,39002,,79,6,11,34,,13,85,1,
JPN,Asia,Japan,2020-08-28,66499,846,793,1251,10,11,526,7,6,10,0,0,1,,,,,,,,,18597,1277962,10,0,17727,0,0,22,people tested,,,,,,,,,,32,126476458,348,48,27,18,39002,,79,6,11,34,,13,85,1,
JPN,Asia,Japan,2020-08-29,67353,854,777,1271,20,13,533,7,6,10,0,0,1,,,,,,,,,12915,1290877,10,0,17665,0,0,23,people tested,,,,,,,,,,32,126476458,348,48,27,18,39002,,79,6,11,34,,13,85,1,
JPN,Asia,Japan,2020-08-30,67958,605,757,1285,14,14,537,5,6,10,0,0,1,,,,,,,,,9577,1300454,10,0,17468,0,0,23,people tested,,,,,,,,,,32,126476458,348,48,27,18,39002,,79,6,11,34,,13,85,1,
JPN,Asia,Japan,2020-08-31,68396,438,748,1298,13,14,541,3,6,10,0,0,1,,,,,,,,,21529,1321983,10,0,17394,0,0,23,people tested,,,,,,,,,,32,126476458,348,48,27,18,39002,,79,6,11,34,,13,85,1,6
JPN,Asia,Japan,2020-09-01,69023,627,734,1313,15,13,546,5,6,10,0,0,1,,,,,,,,,18131,1340114,11,0,17378,0,0,24,people tested,,,,,,,,,,32,126476458,348,48,27,18,39002,,79,6,11,34,,13,85,1,
JPN,Asia,Japan,2020-09-02,69619,596,691,1327,14,14,550,5,5,10,0,0,1,,,,,,,,,24123,1364237,11,0,18060,0,0,26,people tested,,,,,,,,,,32,126476458,348,48,27,18,39002,,79,6,11,34,,13,85,1,
JPN,Asia,Japan,2020-09-03,70278,659,661,1334,7,13,556,5,5,11,0,0,1,,,,,,,,,22991,1387228,11,0,18266,0,0,28,people tested,,,,,,,,,,32,126476458,348,48,27,18,39002,,79,6,11,34,,13,85,1,
JPN,Asia,Japan,2020-09-04,70866,588,624,1352,18,14,560,5,5,11,0,0,1,,,,,,,,,15457,1402685,11,0,17818,0,0,29,people tested,,,,,,,,,,32,126476458,348,48,27,18,39002,,79,6,11,34,,13,85,1,
JPN,Asia,Japan,2020-09-05,71467,601,588,1361,9,13,565,5,5,11,0,0,1,,,,,,,,,11930,1414615,11,0,17677,0,0,30,people tested,,,,,,,,,,32,126476458,348,48,27,18,39002,,79,6,11,34,,13,85,1,
JPN,Asia,Japan,2020-09-06,71918,451,566,1366,5,12,569,4,4,11,0,0,1,,,,,,,,,4175,1418790,11,0,16905,0,0,30,people tested,,,,,,,,,,32,126476458,348,48,27,18,39002,,79,6,11,34,,13,85,1,
JPN,Asia,Japan,2020-09-07,72213,295,545,1377,11,11,571,2,4,11,0,0,1,,,,,,,,,24012,1442802,11,0,17260,0,0,32,people tested,,,,,,,,,,32,126476458,348,48,27,18,39002,,79,6,11,34,,13,85,1,
JPN,Asia,Japan,2020-09-08,72724,511,529,1398,21,12,575,4,4,11,0,0,1,,,,,,,,,14637,1457439,12,0,16761,0,0,32,people tested,,,,,,,,,,32,126476458,348,48,27,18,39002,,79,6,11,34,,13,85,1,
JPN,Asia,Japan,2020-09-09,73264,540,521,1412,14,12,579,4,4,11,0,0,1,,,,,,,,,23072,1480511,12,0,16611,0,0,32,people tested,,,,,,,,,,32,126476458,348,48,27,18,39002,,79,6,11,34,,13,85,1,
JPN,Asia,Japan,2020-09-10,73916,652,520,1416,4,12,584,5,4,11,0,0,1,,,,,,,,,22306,1502817,12,0,16513,0,0,32,people tested,,,,,,,,,,35,126476458,348,48,27,18,39002,,79,6,11,34,,13,85,1,
JPN,Asia,Japan,2020-09-11,74558,642,527,1428,12,11,590,5,4,11,0,0,1,,,,,,,,,16479,1519296,12,0,16659,0,0,32,people tested,,,,,,,,,,35,126476458,348,48,27,18,39002,,79,6,11,34,,13,85,1,
JPN,Asia,Japan,2020-09-12,75206,648,534,1441,13,11,595,5,4,11,0,0,1,,,,,,,,,10545,1529841,12,0,16461,0,0,31,people tested,,,,,,,,,,35,126476458,348,48,27,18,39002,,79,6,11,34,,13,85,1,
JPN,Asia,Japan,2020-09-13,75646,440,533,1448,7,12,598,3,4,11,0,0,1,,,,,,,,,472,1530313,12,0,15932,0,0,30,people tested,,,,,,,,,,35,126476458,348,48,27,18,39002,,79,6,11,34,,13,85,1,
JPN,Asia,Japan,2020-09-14,75914,268,529,1455,7,11,600,2,4,12,0,0,1,,,,,,,,,25446,1555759,12,0,16137,0,0,30,people tested,,,,,,,,,,35,126476458,348,48,27,18,39002,,79,6,11,34,,13,85,1,
JPN,Asia,Japan,2020-09-15,76446,532,532,1463,8,9,604,4,4,12,0,0,1,,,,,,,,,20163,1575922,12,0,16926,0,0,32,people tested,,,,,,,,,,35,126476458,348,48,27,18,39002,,79,6,11,34,,13,85,1,
JPN,Asia,Japan,2020-09-16,76997,551,533,1481,18,10,609,4,4,12,0,0,1,,,,,,,,,18314,1594236,13,0,16246,0,0,30,people tested,,,,,,,,,,35,126476458,348,48,27,18,39002,,79,6,11,34,,13,85,1,
JPN,Asia,Japan,2020-09-17,77488,491,510,1490,9,11,613,4,4,12,0,0,1,,,,,,,,,23313,1617549,13,0,16390,0,0,32,people tested,,,,,,,,,,35,126476458,348,48,27,18,39002,,79,6,11,34,,13,85,1,
JPN,Asia,Japan,2020-09-18,78061,573,500,1500,10,10,617,5,4,12,0,0,1,,,,,,,,,17605,1635154,13,0,16551,0,0,33,people tested,,,,,,,,,,35,126476458,348,48,27,18,39002,,79,6,11,34,,13,85,1,
JPN,Asia,Japan,2020-09-19,78662,601,494,1504,4,9,622,5,4,12,0,0,1,,,,,,,,,9530,1644684,13,0,16406,0,0,33,people tested,,,,,,,,,,35,126476458,348,48,27,18,39002,,79,6,11,34,,13,85,1,
JPN,Asia,Japan,2020-09-20,79142,480,499,1508,4,9,626,4,4,12,0,0,1,,,,,,,,,6153,1650837,13,0,17218,0,0,34,people tested,,,,,,,,,,35,126476458,348,48,27,18,39002,,79,6,11,34,,13,85,1,
JPN,Asia,Japan,2020-09-21,79462,320,507,1518,10,9,628,3,4,12,0,0,1,,,,,,,,,2778,1653615,13,0,13979,0,0,28,people tested,,,,,,,,,,35,126476458,348,48,27,18,39002,,79,6,11,34,,13,85,1,
JPN,Asia,Japan,2020-09-22,79773,311,475,1519,1,8,631,2,4,12,0,0,1,,,,,,,,,3386,1657001,13,0,11583,0,0,24,people tested,,,,,,,,,,35,126476458,348,48,27,18,39002,,79,6,11,34,,13,85,1,
JPN,Asia,Japan,2020-09-23,80009,236,430,1525,6,6,633,2,3,12,0,0,1,,,,,,,,,26925,1683926,13,0,12813,0,0,30,people tested,,,,,,,,,,35,126476458,348,48,27,18,39002,,79,6,11,34,,13,85,1,
JPN,Asia,Japan,2020-09-24,80490,481,429,1540,15,7,636,4,3,12,0,0,1,,,,,,,,,19021,1702947,13,0,12200,0,0,28,people tested,,,,,,,,,,30,126476458,348,48,27,18,39002,,79,6,11,34,,13,85,1,
JPN,Asia,Japan,2020-09-25,81054,564,428,1544,4,6,641,4,3,12,0,0,1,,,,,,,,,28526,1731473,14,0,13760,0,0,32,people tested,,,,,,,,,,30,126476458,348,48,27,18,39002,,79,6,11,34,,13,85,1,
JPN,Asia,Japan,2020-09-26,81703,649,434,1547,3,6,646,5,3,12,0,0,1,,,,,,,,,10522,1741995,14,0,13902,0,0,32,people tested,,,,,,,,,,30,126476458,348,48,27,18,39002,,79,6,11,34,,13,85,1,
JPN,Asia,Japan,2020-09-27,82186,483,435,1549,2,6,650,4,3,12,0,0,1,,,,,,,,,4550,1746545,14,0,13673,0,0,31,people tested,,,,,,,,,,30,126476458,348,48,27,18,39002,,79,6,11,34,,13,85,1,
JPN,Asia,Japan,2020-09-28,82484,298,432,1561,12,6,652,2,3,12,0,0,1,,,,,,,,,19750,1766295,14,0,16097,0,0,37,people tested,,,,,,,,,,30,126476458,348,48,27,18,39002,,79,6,11,34,,13,85,1,
JPN,Asia,Japan,2020-09-29,83022,538,464,1568,7,7,656,4,4,12,0,0,1,,,,,,,,,103676,1869971,15,1,30424,0,0,66,people tested,,,,,,,,,,30,126476458,348,48,27,18,39002,,79,6,11,34,,13,85,1,
JPN,Asia,Japan,2020-09-30,83591,569,512,1575,7,7,661,4,4,12,0,0,1,,,,,,,,,19462,1889433,15,0,29358,0,0,57,people tested,,,,,,,,,,30,126476458,348,48,27,18,39002,,79,6,11,34,,13,85,1,5
JPN,Asia,Japan,2020-10-01,84244,653,536,1580,5,6,666,5,4,12,0,0,1,,,,,,,,,17671,1907104,15,0,29165,0,0,54,people tested,,,,,,,,,,30,126476458,348,48,27,18,39002,,79,6,11,34,,13,85,1,
JPN,Asia,Japan,2020-10-02,84768,524,531,1591,11,7,670,4,4,13,0,0,1,,,,,,,,,21860,1928964,15,0,28213,0,0,53,people tested,,,,,,,,,,30,126476458,348,48,27,18,39002,,79,6,11,34,,13,85,1,
JPN,Asia,Japan,2020-10-03,85345,577,520,1594,3,7,675,5,4,13,0,0,1,,,,,,,,,13684,1942648,15,0,28665,0,0,55,people tested,,,,,,,,,,30,126476458,348,48,27,18,39002,,79,6,11,34,,13,85,1,
JPN,Asia,Japan,2020-10-04,85746,401,509,1598,4,7,678,3,4,13,0,0,1,,,,,,,,,4928,1947576,15,0,28719,0,0,56,people tested,,,,,,,,,,30,126476458,348,48,27,18,39002,,79,6,11,34,,13,85,1,
JPN,Asia,Japan,2020-10-05,86027,281,506,1602,4,6,680,2,4,13,0,0,1,,,,,,,,,21865,1969441,16,0,29021,0,0,57,people tested,,,,,,,,,,30,126476458,348,48,27,18,39002,,79,6,11,34,,13,85,1,
JPN,Asia,Japan,2020-10-06,86540,513,503,1609,7,6,684,4,4,13,0,0,1,,,,,,,,,20435,1989876,16,0,17129,0,0,34,people tested,,,,,,,,,,30,126476458,348,48,27,18,39002,,79,6,11,34,,13,85,1,
JPN,Asia,Japan,2020-10-07,87039,499,493,1614,5,6,688,4,4,13,0,0,1,,,,,,,,,21401,2011277,16,0,17406,0,0,35,people tested,,,,,,,,,,30,126476458,348,48,27,18,39002,,79,6,11,34,,13,85,1,
JPN,Asia,Japan,2020-10-08,87679,640,491,1617,3,5,693,5,4,13,0,0,1,,,,,,,,,21397,2032674,16,0,17939,0,0,37,people tested,,,,,,,,,,30,126476458,348,48,27,18,39002,,79,6,11,34,,13,85,1,
JPN,Asia,Japan,2020-10-09,88267,588,500,1623,6,5,698,5,4,13,0,0,1,,,,,,,,,19697,2052371,16,0,17630,0,0,35,people tested,,,,,,,,,,30,126476458,348,48,27,18,39002,,79,6,11,34,,13,85,1,
JPN,Asia,Japan,2020-10-10,88962,695,517,1626,3,5,703,5,4,13,0,0,1,,,,,,,,,10803,2063174,16,0,17218,0,0,33,people tested,,,,,,,,,,30,126476458,348,48,27,18,39002,,79,6,11,34,,13,85,1,
JPN,Asia,Japan,2020-10-11,89400,438,522,1628,2,4,707,3,4,13,0,0,1,,,,,,,,,5077,2068251,16,0,17239,0,0,33,people tested,,,,,,,,,,30,126476458,348,48,27,18,39002,,79,6,11,34,,13,85,1,
JPN,Asia,Japan,2020-10-12,89652,252,518,1631,3,4,709,2,4,13,0,0,1,,,,,,,,,23235,2091486,17,0,17435,0,0,34,people tested,,,,,,,,,,30,126476458,348,48,27,18,39002,,79,6,11,34,,13,85,1,
JPN,Asia,Japan,2020-10-13,90153,501,516,1635,4,4,713,4,4,13,0,0,1,,,,,,,,,19828,2111314,17,0,17348,0,0,34,people tested,,,,,,,,,,35,126476458,348,48,27,18,39002,,79,6,11,34,,13,85,1,
JPN,Asia,Japan,2020-10-14,90694,541,522,1646,11,5,717,4,4,13,0,0,1,,,,,,,,,21837,2133151,17,0,17411,0,0,33,people tested,,,,,,,,,,35,126476458,348,48,27,18,39002,,79,6,11,34,,13,85,1,
JPN,Asia,Japan,2020-10-15,91402,708,532,1650,4,5,723,6,4,13,0,0,1,,,,,,,,,20737,2153888,17,0,17316,0,0,33,people tested,,,,,,,,,,35,126476458,348,48,27,18,39002,,79,6,11,34,,13,85,1,
JPN,Asia,Japan,2020-10-16,92044,642,540,1664,14,6,728,5,4,13,0,0,1,,,,,,,,,20701,2174589,17,0,17460,0,0,32,people tested,,,,,,,,,,35,126476458,348,48,27,18,39002,,79,6,11,34,,13,85,1,
JPN,Asia,Japan,2020-10-17,92670,626,530,1670,6,6,733,5,4,13,0,0,1,,,,,,,,,9896,2184485,17,0,17330,0,0,33,people tested,,,,,,,,,,35,126476458,348,48,27,18,39002,,79,6,11,34,,13,85,1,
JPN,Asia,Japan,2020-10-18,93098,428,528,1672,2,6,736,3,4,13,0,0,1,,,,,,,,,5123,2189608,17,0,17337,0,0,33,people tested,,,,,,,,,,35,126476458,348,48,27,18,39002,,79,6,11,34,,13,85,1,
JPN,Asia,Japan,2020-10-19,93408,310,537,1676,4,6,739,2,4,13,0,0,1,,,,,,,,,21920,2211528,17,0,17149,0,0,32,people tested,,,,,,,,,,35,126476458,348,48,27,18,39002,,79,6,11,34,,13,85,1,
JPN,Asia,Japan,2020-10-20,93895,487,535,1679,3,6,742,4,4,13,0,0,1,,,,,,,,,15486,2227014,18,0,16529,0,0,31,people tested,,,,,,,,,,35,126476458,348,48,27,18,39002,,79,6,11,34,,13,85,1,
JPN,Asia,Japan,2020-10-21,94515,620,546,1686,7,6,747,5,4,13,0,0,1,,,,,,,,,22144,2249158,18,0,16572,0,0,30,people tested,,,,,,,,,,35,126476458,348,48,27,18,39002,,79,6,11,34,,13,85,1,
JPN,Asia,Japan,2020-10-22,95134,619,533,1697,11,7,752,5,4,13,0,0,1,,,,,,,,,23418,2272576,18,0,16955,0,0,32,people tested,,,,,,,,,,35,126476458,348,48,27,18,39002,,79,6,11,34,,13,85,1,
JPN,Asia,Japan,2020-10-23,95868,734,546,1706,9,6,758,6,4,13,0,0,1,,,,,,,,,22880,2295456,18,0,17267,0,0,32,people tested,,,,,,,,,,35,126476458,348,48,27,18,39002,,79,6,11,34,,13,85,1,
JPN,Asia,Japan,2020-10-24,96599,731,561,1710,4,6,764,6,4,14,0,0,1,,,,,,,,,13211,2308667,18,0,17740,0,0,32,people tested,,,,,,,,,,35,126476458,348,48,27,18,39002,,79,6,11,34,,13,85,1,
JPN,Asia,Japan,2020-10-25,97095,496,571,1716,6,6,768,4,5,14,0,0,1,,,,,,,,,5427,2314094,18,0,17784,0,0,31,people tested,,,,,,,,,,35,126476458,348,48,27,18,39002,,79,6,11,34,,13,85,1,
JPN,Asia,Japan,2020-10-26,97503,408,585,1721,5,6,771,3,5,14,0,0,1,,,,,,,,,22602,2336696,18,0,17881,0,0,31,people tested,,,,,,,,,,35,126476458,348,48,27,18,39002,,79,6,11,34,,13,85,1,
JPN,Asia,Japan,2020-10-27,98146,643,607,1726,5,7,776,5,5,14,0,0,1,,,,,,,,,25714,2362410,19,0,19342,0,0,32,people tested,,,,,,,,,,35,126476458,348,48,27,18,39002,,79,6,11,34,,13,85,1,
JPN,Asia,Japan,2020-10-28,98877,731,623,1731,5,6,782,6,5,14,0,0,1,,,,,,,,,23064,2385474,19,0,19474,0,0,31,people tested,,,,,,,,,,35,126476458,348,48,27,18,39002,,79,6,11,34,,13,85,1,
JPN,Asia,Japan,2020-10-29,99674,797,649,1748,17,7,788,6,5,14,0,0,1,,,,,,,,,20504,2405978,19,0,19057,0,0,29,people tested,,,,,,,,,,35,126476458,348,48,27,18,39002,,79,6,11,34,,13,85,1,
JPN,Asia,Japan,2020-10-30,100450,776,655,1756,8,7,794,6,5,14,0,0,1,,,,,,,,,21782,2427760,19,0,18901,0,0,29,people tested,,,,,,,,,,35,126476458,348,48,27,18,39002,,79,6,11,34,,13,85,1,
JPN,Asia,Japan,2020-10-31,101327,877,675,1769,13,8,801,7,5,14,0,0,1,,,,,,,,,11398,2439158,19,0,18642,0,0,28,people tested,,,,,,,,,,35,126476458,348,48,27,18,39002,,79,6,11,34,,13,85,1,6
JPN,Asia,Japan,2020-11-01,101943,616,693,1776,7,9,806,5,5,14,0,0,1,,,,,,,,,6214,2445372,19,0,18754,0,0,27,people tested,,,,,,,,,,35,126476458,348,48,27,18,39002,,79,6,11,34,,13,85,1,
JPN,Asia,Japan,2020-11-02,102431,488,704,1787,11,9,810,4,6,14,0,0,1,,,,,,,,,21535,2466907,20,0,18602,0,0,26,people tested,,,,,,,,,,35,126476458,348,48,27,18,39002,,79,6,11,34,,13,85,1,
JPN,Asia,Japan,2020-11-03,103309,878,738,1794,7,10,817,7,6,14,0,0,1,,,,,,,,,7477,2474384,20,0,15996,0,0,22,people tested,,,,,,,,,,35,126476458,348,48,27,18,39002,,79,6,11,34,,13,85,1,
JPN,Asia,Japan,2020-11-04,103928,619,722,1799,5,10,822,5,6,14,0,0,1,,,,,,,,,21840,2496224,20,0,15821,0,0,22,people tested,,,,,,,,,,35,126476458,348,48,27,18,39002,,79,6,11,34,,13,85,1,
JPN,Asia,Japan,2020-11-05,104964,1036,756,1806,7,8,830,8,6,14,0,0,1,,,,,,,,,29533,2525757,20,0,17111,0,0,23,people tested,,,,,,,,,,35,126476458,348,48,27,18,39002,,79,6,11,34,,13,85,1,
JPN,Asia,Japan,2020-11-06,106136,1172,812,1810,4,8,839,9,6,14,0,0,1,,,,,,,,,28237,2553994,20,0,18033,0,0,22,people tested,,,,,,,,,,35,126476458,348,48,27,18,39002,,79,6,11,34,,13,85,1,
JPN,Asia,Japan,2020-11-07,107439,1303,873,1815,5,7,849,10,7,14,0,0,1,,,,,,,,,13460,2567454,20,0,18328,0,0,21,people tested,,,,,,,,,,37,126476458,348,48,27,18,39002,,79,6,11,34,,13,85,1,
JPN,Asia,Japan,2020-11-08,108394,955,922,1821,6,6,857,8,7,14,0,0,1,,,,,,,,,8004,2575458,20,0,18584,0,0,20,people tested,,,,,,,,,,37,126476458,348,48,27,18,39002,,79,6,11,34,,13,85,1,
JPN,Asia,Japan,2020-11-09,109191,797,966,1834,13,7,863,6,8,15,0,0,1,,,,,,,,,25476,2600934,21,0,19147,0,0,20,people tested,,,,,,,,,,37,126476458,348,48,27,18,39002,,79,6,11,34,,13,85,1,
JPN,Asia,Japan,2020-11-10,110487,1296,1025,1840,6,7,874,10,8,15,0,0,1,,,,,,,,,25179,2626113,21,0,21676,0,0,21,people tested,,,,,,,,,,37,126476458,348,48,27,18,39002,,79,6,11,34,,13,85,1,
JPN,Asia,Japan,2020-11-11,112011,1524,1155,1847,7,7,886,12,9,15,0,0,1,,,,,,,,,33681,2659794,21,0,23367,0,0,20,people tested,,,,,,,,,,37,126476458,348,48,27,18,39002,,79,6,11,34,,13,85,1,
JPN,Asia,Japan,2020-11-12,113655,1644,1242,1854,7,7,899,13,10,15,0,0,1,,,,,,,,,29912,2689706,21,0,23421,0,0,19,people tested,,,,,,,,,,37,126476458,348,48,27,18,39002,,79,6,11,34,,13,85,1,
JPN,Asia,Japan,2020-11-13,115360,1705,1318,1864,10,8,912,13,10,15,0,0,1,,,,,,,,,24038,2713744,21,0,22821,0,0,17,people tested,,,,,,,,,,37,126476458,348,48,27,18,39002,,79,6,11,34,,13,85,1,
JPN,Asia,Japan,2020-11-14,117113,1753,1382,1865,1,7,926,14,11,15,0,0,1,,,,,,,,,16651,2730395,22,0,23277,0,0,17,people tested,,,,,,,,,,37,126476458,348,48,27,18,39002,,79,6,11,34,,13,85,1,
JPN,Asia,Japan,2020-11-15,118611,1498,1460,1874,9,8,938,12,12,15,0,0,1,,,,,,,,,9127,2739522,22,0,23438,0,0,16,people tested,,,,,,,,,,37,126476458,348,48,27,18,39002,,79,6,11,34,,13,85,1,
JPN,Asia,Japan,2020-11-16,119557,946,1481,1883,9,7,945,7,12,15,0,0,1,,,,,,,,,30109,2769631,22,0,24100,0,0,16,people tested,,,,,,,,,,37,126476458,348,48,27,18,39002,,79,6,11,34,,13,85,1,
JPN,Asia,Japan,2020-11-17,121247,1690,1537,1895,12,8,959,13,12,15,0,0,1,,,,,,,,,27634,2797265,22,0,24450,0,0,16,people tested,,,,,,,,,,37,126476458,348,48,27,18,39002,,79,6,11,34,,13,85,1,
JPN,Asia,Japan,2020-11-18,123477,2230,1638,1908,13,9,976,18,13,15,0,0,1,,,,,,,,,34630,2831895,22,0,24586,0,0,15,people tested,,,,,,,,,,37,126476458,348,48,27,18,39002,,79,6,11,34,,13,85,1,
JPN,Asia,Japan,2020-11-19,125859,2382,1743,1920,12,9,995,19,14,15,0,0,1,,,,,,,,,37810,2869705,23,0,25714,0,0,15,people tested,,,,,,,,,,37,126476458,348,48,27,18,39002,,79,6,11,34,,13,85,1,
JPN,Asia,Japan,2020-11-20,128285,2426,1846,1930,10,9,1014,19,15,15,0,0,1,,,,,,,,,41770,2911475,23,0,28247,0,0,15,people tested,,,,,,,,,,37,126476458,348,48,27,18,39002,,79,6,11,34,,13,85,1,
JPN,Asia,Japan,2020-11-21,130871,2586,1965,1932,2,10,1035,20,16,15,0,0,1,,,,,,,,,24924,2936399,23,0,29429,0,0,15,people tested,,,,,,,,,,37,126476458,348,48,27,18,39002,,79,6,11,34,,13,85,1,
JPN,Asia,Japan,2020-11-22,133034,2163,2060,1943,11,10,1052,17,16,15,0,0,1,,,,,,,,,20389,2956788,23,0,31038,0,0,15,people tested,,,,,,,,,,37,126476458,348,48,27,18,39002,,79,6,11,34,,13,85,1,
JPN,Asia,Japan,2020-11-23,134554,1520,2142,1949,6,9,1064,12,17,15,0,0,1,,,,,,,,,9560,2966348,23,0,28102,0,0,13,people tested,,,,,,,,,,37,126476458,348,48,27,18,39002,,79,6,11,34,,13,85,1,
JPN,Asia,Japan,2020-11-24,135786,1232,2077,1963,14,10,1074,10,16,16,0,0,1,,,,,,,,,43773,3010121,24,0,30408,0,0,15,people tested,,,,,,,,,,37,126476458,348,48,27,18,39002,,79,6,11,34,,13,85,1,
JPN,Asia,Japan,2020-11-25,137735,1949,2037,1983,20,11,1089,15,16,16,0,0,1,,,,,,,,,41052,3051173,24,0,31325,0,0,15,people tested,,,,,,,,,,37,126476458,348,48,27,18,39002,,79,6,11,34,,13,85,1,
JPN,Asia,Japan,2020-11-26,140225,2490,2052,1996,13,11,1109,20,16,16,0,0,1,,,,,,,,,42634,3093807,24,0,32015,0,0,16,people tested,,,,,,,,,,37,126476458,348,48,27,18,39002,,79,6,11,34,,13,85,1,
JPN,Asia,Japan,2020-11-27,142778,2553,2070,2028,32,14,1129,20,16,16,0,0,1,,,,,,,,,43351,3137158,25,0,32240,0,0,16,people tested,,,,,,,,,,37,126476458,348,48,27,18,39002,,79,6,11,34,,13,85,1,
JPN,Asia,Japan,2020-11-28,145457,2679,2084,2042,14,16,1150,21,16,16,0,0,1,,,,,,,,,22307,3159465,25,0,31867,0,0,15,people tested,,,,,,,,,,37,126476458,348,48,27,18,39002,,79,6,11,34,,13,85,1,
JPN,Asia,Japan,2020-11-29,147515,2058,2069,2057,15,16,1166,16,16,16,0,0,1,,,,,,,,,11975,3171440,25,0,30665,0,0,15,people tested,,,,,,,,,,37,126476458,348,48,27,18,39002,,79,6,11,34,,13,85,1,
JPN,Asia,Japan,2020-11-30,148962,1447,2058,2076,19,18,1178,11,16,16,0,0,1,,,,,,,,,41335,3212775,25,0,35204,0,0,17,people tested,,,,,,,,,,37,126476458,348,48,27,18,39002,,79,6,11,34,,13,85,1,4
JPN,Asia,Japan,2020-12-01,150976,2014,2170,2109,33,21,1194,16,17,17,0,0,1,,,,,,,,,44289,3257064,26,0,35278,0,0,16,people tested,,,,,,,,,,43,126476458,348,48,27,18,39002,,79,6,11,34,,13,85,1,
JPN,Asia,Japan,2020-12-02,153432,2456,2242,2141,32,23,1213,19,18,17,0,0,1,,,,,,,,,43236,3300300,26,0,35590,0,0,16,people tested,,,,,,,,,,43,126476458,348,48,27,18,39002,,79,6,11,34,,13,85,1,
JPN,Asia,Japan,2020-12-03,155938,2506,2245,2174,33,25,1233,20,18,17,0,0,1,,,,,,,,,36823,3337123,26,0,34759,0,0,16,people tested,,,,,,,,,,43,126476458,348,48,27,18,39002,,79,6,11,34,,13,85,1,
JPN,Asia,Japan,2020-12-04,158387,2449,2230,2210,36,26,1252,19,18,17,0,0,1,,,,,,,,,38145,3375268,27,0,34016,0,0,15,people tested,,,,,,,,,,43,126476458,348,48,27,18,39002,,79,6,11,34,,13,85,1,
JPN,Asia,Japan,2020-12-05,160870,2483,2202,2229,19,27,1272,20,17,18,0,0,1,,,,,,,,,22313,3397581,27,0,34017,0,0,15,people tested,,,,,,,,,,43,126476458,348,48,27,18,39002,,79,6,11,34,,13,85,1,
JPN,Asia,Japan,2020-12-06,162917,2047,2200,2259,30,29,1288,16,17,18,0,0,1,,,,,,,,,17612,3415193,27,0,34822,0,0,16,people tested,,,,,,,,,,43,126476458,348,48,27,18,39002,,79,6,11,34,,13,85,1,
JPN,Asia,Japan,2020-12-07,164434,1517,2210,2299,40,32,1300,12,17,18,0,0,1,,,,,,,,,37737,3452930,27,0,34308,0,0,16,people tested,,,,,,,,,,43,126476458,348,48,27,18,39002,,79,6,11,34,,13,85,1,
JPN,Asia,Japan,2020-12-08,166592,2158,2231,2334,35,32,1317,17,18,18,0,0,1,,,,,,,,,40060,3492990,28,0,33704,0,0,15,people tested,,,,,,,,,,48,126476458,348,48,27,18,39002,,79,6,11,34,,13,85,1,
JPN,Asia,Japan,2020-12-09,169429,2837,2285,2376,42,34,1340,22,18,19,0,0,1,,,,,,,,,54557,3547547,28,0,35321,0,0,16,people tested,,,,,,,,,,48,126476458,348,48,27,18,39002,,79,6,11,34,,13,85,1,
JPN,Asia,Japan,2020-12-10,172406,2977,2353,2395,19,32,1363,24,19,19,0,0,1,,,,,,,,,44612,3592159,28,0,36434,0,0,16,people tested,,,,,,,,,,48,126476458,348,48,27,18,39002,,79,6,11,34,,13,85,1,
JPN,Asia,Japan,2020-12-11,175310,2904,2418,2446,51,34,1386,23,19,19,0,0,1,,,,,,,,,53834,3645993,29,0,38675,0,0,16,people tested,,,,,,,,,,48,126476458,348,48,27,18,39002,,79,6,11,34,,13,85,1,
JPN,Asia,Japan,2020-12-12,178272,2962,2486,2462,16,33,1410,23,20,19,0,0,1,,,,,,,,,28203,3674196,29,0,39516,0,0,16,people tested,,,,,,,,,,48,126476458,348,48,27,18,39002,,79,6,11,34,,13,85,1,
JPN,Asia,Japan,2020-12-13,180639,2367,2532,2481,19,32,1428,19,20,20,0,0,1,,,,,,,,,13144,3687340,29,0,38878,0,0,15,people tested,,,,,,,,,,48,126476458,348,48,27,18,39002,,79,6,11,34,,13,85,1,
JPN,Asia,Japan,2020-12-14,182311,1672,2554,2530,49,33,1441,13,20,20,0,0,1,,,,,,,,,53758,3741098,30,0,41167,0,0,16,people tested,,,,,,,,,,48,126476458,348,48,27,18,39002,,79,6,11,34,,13,85,1,
JPN,Asia,Japan,2020-12-15,184752,2441,2594,2581,51,35,1461,19,21,20,0,0,1,,,,,,,,,45817,3786915,30,0,41989,0,0,16,people tested,,,,,,,,,,48,126476458,348,48,27,18,39002,,79,6,11,34,,13,85,1,
JPN,Asia,Japan,2020-12-16,187751,2999,2617,2623,42,35,1484,24,21,21,0,0,1,,,,,,,,,54303,3841218,30,0,41953,0,0,16,people tested,,,,,,,,,,48,126476458,348,48,27,18,39002,,79,6,11,34,,13,85,1,
JPN,Asia,Japan,2020-12-17,190950,3199,2649,2661,38,38,1510,25,21,21,0,0,1,,,,,,,,,62439,3903657,31,0,44500,0,0,17,people tested,,,,,,,,,,48,126476458,348,48,27,18,39002,,79,6,11,34,,13,85,1,
JPN,Asia,Japan,2020-12-18,193753,2803,2635,2709,48,38,1532,22,21,21,0,0,1,,,,,,,,,56421,3960078,31,0,44869,0,0,17,people tested,,,,,,,,,,48,126476458,348,48,27,18,39002,,79,6,11,34,,13,85,1,
JPN,Asia,Japan,2020-12-19,196815,3062,2649,2749,40,41,1556,24,21,22,0,0,1,,,,,,,,,27049,3987127,32,0,44704,0,0,17,people tested,,,,,,,,,,48,126476458,348,48,27,18,39002,,79,6,11,34,,13,85,1,
JPN,Asia,Japan,2020-12-20,199270,2455,2662,2784,35,43,1576,19,21,22,0,0,1,,,,,,,,,12282,3999409,32,0,44581,0,0,17,people tested,,,,,,,,,,48,126476458,348,48,27,18,39002,,79,6,11,34,,13,85,1,
JPN,Asia,Japan,2020-12-21,201074,1804,2680,2833,49,43,1590,14,21,22,0,0,1,,,,,,,,,55650,4055059,32,0,44852,0,0,17,people tested,,,,,,,,,,48,126476458,348,48,27,18,39002,,79,6,11,34,,13,85,1,
JPN,Asia,Japan,2020-12-22,203732,2658,2711,2877,44,42,1611,21,21,23,0,0,1,,,,,,,,,31110,4086169,32,0,42751,0,0,16,people tested,,,,,,,,,,48,126476458,348,48,27,18,39002,,79,6,11,34,,13,85,1,
JPN,Asia,Japan,2020-12-23,207007,3275,2751,2941,64,45,1637,26,22,23,1,0,1,,,,,,,,,72258,4158427,33,1,45316,0,0,16,people tested,,,,,,,,,,48,126476458,348,48,27,18,39002,,79,6,11,34,,13,85,1,
JPN,Asia,Japan,2020-12-24,210769,3762,2831,2967,26,44,1666,30,22,23,0,0,1,,,,,,,,,63512,4221939,33,1,45469,0,0,16,people tested,,,,,,,,,,48,126476458,348,48,27,18,39002,,79,6,11,34,,13,85,1,
JPN,Asia,Japan,2020-12-25,214575,3806,2975,3016,49,44,1697,30,24,24,0,0,1,,,,,,,,,60261,4282200,34,0,46017,0,0,16,people tested,,,,,,,,,,48,126476458,348,48,27,18,39002,,79,6,11,34,,13,85,1,
JPN,Asia,Japan,2020-12-26,218467,3892,3093,3062,46,45,1727,31,24,24,0,0,1,,,,,,,,,32677,4314877,34,0,46821,0,0,15,people tested,,,,,,,,,,48,126476458,348,48,27,18,39002,,79,6,11,34,,13,85,1,
JPN,Asia,Japan,2020-12-27,221412,2945,3163,3100,38,45,1751,23,25,25,0,0,1,,,,,,,,,11963,4326840,34,0,46776,0,0,15,people tested,,,,,,,,,,48,126476458,348,48,27,18,39002,,79,6,11,34,,13,85,1,
JPN,Asia,Japan,2020-12-28,223786,2374,3245,3152,52,46,1769,19,26,25,0,0,1,,,,,,,,,74383,4401223,35,1,49452,0,0,15,people tested,,,,,,,,,,48,126476458,348,48,27,18,39002,,79,6,11,34,,13,85,1,
JPN,Asia,Japan,2020-12-29,227415,3629,3383,3196,44,46,1798,29,27,25,0,0,1,,,,,,,,,24850,4426073,35,0,48558,0,0,14,people tested,,,,,,,,,,48,126476458,348,48,27,18,39002,,79,6,11,34,,13,85,1,
JPN,Asia,Japan,2020-12-30,231271,3856,3466,3243,47,43,1829,30,27,26,0,0,1,,,,,,,,,21069,4447142,35,0,41245,0,0,12,people tested,,,,,,,,,,48,126476458,348,48,27,18,39002,,79,6,11,34,,13,85,1,
JPN,Asia,Japan,2020-12-31,235811,4540,3577,3292,49,46,1864,36,28,26,0,0,1,,,,,,,,,39575,4486717,35,0,37825,0,0,11,people tested,,,,,,,,,,48,126476458,348,48,27,18,39002,,79,6,11,34,,13,85,1,8
JPN,Asia,Japan,2021-01-01,239068,3257,3499,3540,248,75,1890,26,28,28,2,1,1,,,,,,,,,25072,4511789,36,0,32798,0,0,9,people tested,,,,,,,,,,48,126476458,348,48,27,18,39002,,79,6,11,34,,13,85,1,
JPN,Asia,Japan,2021-01-02,242097,3029,3376,3571,31,73,1914,24,27,28,0,1,1,,,,,,,,,8746,4520535,36,0,29380,0,0,9,people tested,,,,,,,,,,48,126476458,348,48,27,18,39002,,79,6,11,34,,13,85,1,
JPN,Asia,Japan,2021-01-03,245293,3196,3412,3631,60,76,1939,25,27,29,0,1,1,,,,,,,,,20291,4540826,36,0,30569,0,0,9,people tested,,,,,,,,,,48,126476458,348,48,27,18,39002,,79,6,11,34,,13,85,1,
JPN,Asia,Japan,2021-01-04,248625,3332,3548,3679,48,75,1966,26,28,29,0,1,1,,,,,,,,,84338,4625164,37,1,31992,0,0,9,people tested,,,,,,,,,,48,126476458,348,48,27,18,39002,,79,6,11,34,,13,85,1,
JPN,Asia,Japan,2021-01-05,253571,4946,3737,3755,76,80,2005,39,30,30,1,1,1,,,,,,,,,88446,4713610,37,1,41077,0,0,11,people tested,,,,,,,,,,50,126476458,348,48,27,18,39002,,79,6,11,34,,13,85,1,
JPN,Asia,Japan,2021-01-06,259521,5950,4036,3820,65,82,2052,47,32,30,1,1,1,,,,,,,,,73967,4787577,38,1,48634,0,0,12,people tested,,,,,,,,,,50,126476458,348,48,27,18,39002,,79,6,11,34,,13,85,1,
JPN,Asia,Japan,2021-01-07,267084,7563,4468,3884,64,85,2112,60,35,31,1,1,1,,,,,,,,,81440,4869017,38,1,54614,0,0,12,people tested,,,,,,,,,,50,126476458,348,48,27,18,39002,,79,6,11,34,,13,85,1,
JPN,Asia,Japan,2021-01-08,274947,7863,5126,3962,78,60,2174,62,41,31,1,0,1,,,,,,,,,63373,4932390,39,1,60086,0,0,12,people tested,,,,,,,,,,50,126476458,348,48,27,18,39002,,79,6,11,34,,13,85,1,
JPN,Asia,Japan,2021-01-09,282737,7790,5806,4021,59,64,2235,62,46,32,0,1,1,,,,,,,,,35730,4968120,39,0,63941,1,0,11,people tested,,,,,,,,,,50,126476458,348,48,27,18,39002,,79,6,11,34,,13,85,1,
JPN,Asia,Japan,2021-01-10,288818,6081,6218,4066,45,62,2284,48,49,32,0,0,1,,,,,,,,,24008,4992128,39,0,64472,1,0,10,people tested,,,,,,,,,,50,126476458,348,48,27,18,39002,,79,6,11,34,,13,85,1,
JPN,Asia,Japan,2021-01-11,293746,4928,6446,4114,48,62,2323,39,51,33,0,0,1,,,,,,,,,19942,5012070,40,0,55272,0,0,9,people tested,,,,,,,,,,50,126476458,348,48,27,18,39002,,79,6,11,34,,13,85,1,
JPN,Asia,Japan,2021-01-12,298321,4575,6393,4178,64,60,2359,36,51,33,1,0,1,,,,,,,,,86551,5098621,40,1,55002,0,0,9,people tested,,,,,,,,,,50,126476458,348,48,27,18,39002,,79,6,11,34,,13,85,1,
JPN,Asia,Japan,2021-01-13,304140,5819,6374,4275,97,65,2405,46,50,34,1,1,1,,,,,,,,,81255,5179876,41,1,56043,0,0,9,people tested,,,,,,,,,,50,126476458,348,48,27,18,39002,,79,6,11,34,,13,85,1,
JPN,Asia,Japan,2021-01-14,310734,6594,6236,4341,66,65,2457,52,49,34,1,1,1,,,,,,,,,101255,5281131,42,1,58873,0,0,9,people tested,,,,,,,,,,50,126476458,348,48,27,18,39002,,79,6,11,34,,13,85,1,
JPN,Asia,Japan,2021-01-15,317871,7137,6132,4419,78,65,2513,56,48,35,1,1,1,,,,,,,,,70610,5351741,42,1,59907,0,0,10,people tested,,,,,,,,,,50,126476458,348,48,27,18,39002,,79,6,11,34,,13,85,1,
JPN,Asia,Japan,2021-01-16,324942,7071,6029,4475,56,65,2569,56,48,35,0,1,1,,,,,,,,,44662,5396403,43,0,61183,0,0,10,people tested,,,,,,,,,,50,126476458,348,48,27,18,39002,,79,6,11,34,,13,85,1,
JPN,Asia,Japan,2021-01-17,330715,5773,5985,4524,49,65,2615,46,47,36,0,1,1,,,,,,,,,16038,5412441,43,0,60045,0,0,10,people tested,,,,,,,,,,50,126476458,348,48,27,18,39002,,79,6,11,34,,13,85,1,
JPN,Asia,Japan,2021-01-18,335605,4890,5980,4582,58,67,2653,39,47,36,0,1,1,,,,,,,,,80773,5493214,43,1,68735,1,0,12,people tested,,,,,,,,,,50,126476458,348,48,27,18,39002,,79,6,11,34,,13,85,1,
JPN,Asia,Japan,2021-01-19,340989,5384,6095,4686,104,73,2696,43,48,37,1,1,1,,,,,,,,,103313,5596527,44,1,71129,1,0,12,people tested,,,,,,,,,,50,126476458,348,48,27,18,39002,,79,6,11,34,,13,85,1,
JPN,Asia,Japan,2021-01-20,346508,5519,6053,4778,92,72,2740,44,48,38,1,1,1,,,,,,,,,86804,5683331,45,1,71922,1,0,12,people tested,,,,,,,,,,50,126476458,348,48,27,18,39002,,79,6,11,34,,13,85,1,
JPN,Asia,Japan,2021-01-21,352129,5621,5914,4872,94,76,2784,44,47,39,1,1,1,,,,,,,,,85769,5769100,46,1,69710,1,0,12,people tested,,,,,,,,,,50,126476458,348,48,27,18,39002,,79,6,11,34,,13,85,1,
JPN,Asia,Japan,2021-01-22,357174,5045,5615,4980,108,80,2824,40,44,39,1,1,1,,,,,,,,,101273,5870373,46,1,74090,1,0,13,people tested,,,,,,,,,,50,126476458,348,48,27,18,39002,,79,6,11,34,,13,85,1,
JPN,Asia,Japan,2021-01-23,361928,4754,5284,5063,83,84,2862,38,42,40,1,1,1,,,,,,,,,37116,5907489,47,0,73012,1,0,14,people tested,,,,,,,,,,50,126476458,348,48,27,18,39002,,79,6,11,34,,13,85,1,
JPN,Asia,Japan,2021-01-24,365899,3971,5026,5119,56,85,2893,31,40,40,0,1,1,,,,,,,,,18784,5926273,47,0,73405,1,0,15,people tested,,,,,,,,,,50,126476458,348,48,27,18,39002,,79,6,11,34,,13,85,1,
JPN,Asia,Japan,2021-01-25,368684,2785,4726,5193,74,87,2915,22,37,41,1,1,1,,,,,,,,,81941,6008214,48,1,73571,1,0,16,people tested,,,,,,,,,,50,126476458,348,48,27,18,39002,,79,6,11,34,,13,85,1,
JPN,Asia,Japan,2021-01-26,372545,3861,4508,5297,104,87,2946,31,36,42,1,1,1,,,,,,,,,66335,6074549,48,1,68289,1,0,15,people tested,,,,,,,,,,50,126476458,348,48,27,18,39002,,79,6,11,34,,13,85,1,
JPN,Asia,Japan,2021-01-27,376482,3937,4282,5387,90,87,2977,31,34,43,1,1,1,,,,,,,,,90824,6165373,49,1,68863,1,0,16,people tested,,,,,,,,,,50,126476458,348,48,27,18,39002,,79,6,11,34,,13,85,1,
JPN,Asia,Japan,2021-01-28,380644,4162,4074,5500,113,90,3010,33,32,43,1,1,1,,,,,,,,,64332,6229705,49,1,65801,1,0,16,people tested,,,,,,,,,,50,126476458,348,48,27,18,39002,,79,6,11,34,,13,85,1,
JPN,Asia,Japan,2021-01-29,384180,3536,3858,5597,97,88,3038,28,31,44,1,1,1,,,,,,,,,82296,6312001,50,1,63090,0,0,16,people tested,,,,,,,,,,50,126476458,348,48,27,18,39002,,79,6,11,34,,13,85,1,
JPN,Asia,Japan,2021-01-30,387499,3319,3653,5688,91,89,3064,26,29,45,1,1,1,,,,,,,,,40425,6352426,50,0,63562,1,0,17,people tested,,,,,,,,,,50,126476458,348,48,27,18,39002,,79,6,11,34,,13,85,1,
JPN,Asia,Japan,2021-01-31,390166,2667,3467,5753,65,91,3085,21,27,45,1,1,1,,,,,,,,,17772,6370198,50,0,63418,1,0,18,people tested,,,,,,,,,,50,126476458,348,48,27,18,39002,,79,6,11,34,,13,85,1,5
JPN,Asia,Japan,2021-02-01,391956,1790,3325,5833,80,91,3099,14,26,46,1,1,1,,,,,,,,,67269,6437467,51,1,61322,0,0,18,people tested,,,,,,,,,,50,126476458,348,48,27,18,39002,,79,6,11,34,,13,85,1,
JPN,Asia,Japan,2021-02-02,394269,2313,3103,5952,119,94,3117,18,25,47,1,1,1,,,,,,,,,59110,6496577,51,0,60290,0,0,19,people tested,,,,,,,,,,50,126476458,348,48,27,18,39002,,79,6,11,34,,13,85,1,
JPN,Asia,Japan,2021-02-03,396900,2631,2917,6068,116,97,3138,21,23,48,1,1,1,,,,,,,,,68807,6565384,52,1,57144,0,0,20,people tested,,,,,,,,,,50,126476458,348,48,27,18,39002,,79,6,11,34,,13,85,1,
JPN,Asia,Japan,2021-02-04,399492,2592,2693,6172,104,96,3159,20,21,49,1,1,1,,,,,,,,,61902,6627286,52,0,56797,0,0,21,people tested,,,,,,,,,,50,126476458,348,48,27,18,39002,,79,6,11,34,,13,85,1,
JPN,Asia,Japan,2021-02-05,401858,2366,2525,6278,106,97,3177,19,20,50,1,1,1,,,,,,,,,71144,6698430,53,1,55204,0,0,22,people tested,,,,,,,,,,50,126476458,348,48,27,18,39002,,79,6,11,34,,13,85,1,
JPN,Asia,Japan,2021-02-06,404128,2270,2376,6372,94,98,3195,18,19,50,1,1,1,,,,,,,,,33043,6731473,53,0,54150,0,0,23,people tested,,,,,,,,,,50,126476458,348,48,27,18,39002,,79,6,11,34,,13,85,1,
JPN,Asia,Japan,2021-02-07,405765,1637,2228,6424,52,96,3208,13,18,51,0,1,1,,,,,,,,,18191,6749664,53,0,54209,0,0,24,people tested,,,,,,,,,,50,126476458,348,48,27,18,39002,,79,6,11,34,,13,85,1,
JPN,Asia,Japan,2021-02-08,406992,1227,2148,6507,83,96,3218,10,17,51,1,1,1,,,,,,,,,58499,6808163,54,0,52957,0,0,25,people tested,,,,,,,,,,50,126476458,348,48,27,18,39002,,79,6,11,34,,13,85,1,
JPN,Asia,Japan,2021-02-09,408550,1558,2040,6602,95,93,3230,12,16,52,1,1,1,,,,,,,,,78153,6886316,54,1,55677,0,0,27,people tested,,,,,,,,,,50,126476458,348,48,27,18,39002,,79,6,11,34,,13,85,1,
JPN,Asia,Japan,2021-02-10,410434,1884,1933,6723,121,94,3245,15,15,53,1,1,1,,,,,,,,,65352,6951668,55,1,55183,0,0,28,people tested,,,,,,,,,,50,126476458,348,48,27,18,39002,,79,6,11,34,,13,85,1,
JPN,Asia,Japan,2021-02-11,412125,1691,1805,6800,77,90,3259,13,14,54,1,1,1,,,,,,,,,32865,6984533,55,0,51035,0,0,28,people tested,,,,,,,,,,50,126476458,348,48,27,18,39002,,79,6,11,34,,13,85,1,
JPN,Asia,Japan,2021-02-12,413441,1316,1655,6863,63,84,3269,10,13,54,0,1,1,,,,,,,,,56650,7041183,56,0,48965,0,0,30,people tested,,,,,,,,,,50,126476458,348,48,27,18,39002,,79,6,11,34,,13,85,1,
JPN,Asia,Japan,2021-02-13,414803,1362,1525,6928,65,79,3280,11,12,55,1,1,1,,,,,,,,,30220,7071403,56,0,48561,0,0,32,people tested,,,,,,,,,,50,126476458,348,48,27,18,39002,,79,6,11,34,,13,85,1,
JPN,Asia,Japan,2021-02-14,416154,1351,1484,6966,38,77,3290,11,12,55,0,1,1,,,,,,,,,14716,7086119,56,0,48065,0,0,32,people tested,,,,,,,,,,50,126476458,348,48,27,18,39002,,79,6,11,34,,13,85,1,
JPN,Asia,Japan,2021-02-15,417127,973,1448,7038,72,76,3298,8,11,56,1,1,1,,,,,,,,,58421,7144540,56,0,48054,0,0,33,people tested,,,,,,,,,,50,126476458,348,48,27,18,39002,,79,6,11,34,,13,85,1,
JPN,Asia,Japan,2021-02-16,418435,1308,1412,7139,101,77,3308,10,11,56,1,1,1,,,,,,,,,59849,7204389,57,0,45439,0,0,32,people tested,,,,,,,,,,50,126476458,348,48,27,18,39002,,79,6,11,34,,13,85,1,
JPN,Asia,Japan,2021-02-17,419896,1461,1352,7218,79,71,3320,12,11,57,1,1,1,,,,,,,,,61138,7265527,57,0,44837,0,0,33,people tested,125,125,,,,0,0,,,50,126476458,348,48,27,18,39002,,79,6,11,34,,13,85,1,
JPN,Asia,Japan,2021-02-18,421421,1525,1328,7294,76,71,3332,12,10,58,1,1,1,,,,,,,,,54504,7320031,58,0,47928,0,0,36,people tested,611,611,,486,486,0,0,,4,50,126476458,348,48,27,18,39002,,79,6,11,34,,13,85,1,
JPN,Asia,Japan,2021-02-19,422718,1297,1325,7360,66,71,3342,10,10,58,1,1,1,,,,,,,,,74955,7394986,58,1,50543,0,0,38,people tested,5039,5039,,4428,2457,0,0,,19,50,126476458,348,48,27,18,39002,,79,6,11,34,,13,85,1,
JPN,Asia,Japan,2021-02-20,423952,1234,1307,7438,78,73,3352,10,10,59,1,1,1,,,,,,,,,31579,7426565,59,0,50737,0,0,39,people tested,,,,,2404,,,,19,50,126476458,348,48,27,18,39002,,79,6,11,34,,13,85,1,
JPN,Asia,Japan,2021-02-21,424988,1036,1262,7485,47,74,3360,8,10,59,0,1,1,,,,,,,,,14683,7441248,59,0,50733,0,0,40,people tested,,,,,2378,,,,19,50,126476458,348,48,27,18,39002,,79,6,11,34,,13,85,1,
JPN,Asia,Japan,2021-02-22,425725,737,1228,7541,56,72,3366,6,10,60,0,1,1,,,,,,,,,54180,7495428,59,0,50127,0,0,41,people tested,11934,11934,,,2362,0,0,,19,50,126476458,348,48,27,18,39002,,79,6,11,34,,13,85,1,
JPN,Asia,Japan,2021-02-23,426828,1103,1199,7595,54,65,3375,9,9,60,0,1,1,,,,,,,,,18324,7513752,59,0,44195,0,0,37,people tested,,,,,2464,,,,19,50,126476458,348,48,27,18,39002,,79,6,11,34,,13,85,1,
JPN,Asia,Japan,2021-02-24,427732,904,1119,7664,69,64,3382,7,9,61,1,1,1,,,,,,,,,54702,7568454,60,0,43275,0,0,39,people tested,17888,17888,,,2538,0,0,,20,50,126476458,348,48,27,18,39002,,79,6,11,34,,13,85,1,
JPN,Asia,Japan,2021-02-25,428816,1084,1056,7738,74,63,3390,9,8,61,1,1,1,,,,,,,,,59234,7627688,60,0,43951,0,0,42,people tested,21896,21896,,4008,3041,0,0,,24,50,126476458,348,48,27,18,39002,,79,6,11,34,,13,85,1,
JPN,Asia,Japan,2021-02-26,429873,1057,1022,7818,80,65,3399,8,8,62,1,1,1,,,,,,,,,57864,7685552,61,0,41509,0,0,41,people tested,28530,28530,,6634,3356,0,0,,27,50,126476458,348,48,27,18,39002,,79,6,11,34,,13,85,1,
JPN,Asia,Japan,2021-02-27,431093,1220,1020,7859,41,60,3408,10,8,62,0,0,1,,,,,,,,,29196,7714748,61,0,41169,0,0,40,people tested,,,,,3183,,,,25,51,126476458,348,48,27,18,39002,,79,6,11,34,,13,85,1,
JPN,Asia,Japan,2021-02-28,432090,997,1015,7889,30,58,3416,8,8,62,0,0,1,,,,,,,,,19775,7734523,61,0,41896,0,0,41,people tested,,,,,3009,,,,24,51,126476458,348,48,27,18,39002,,79,6,11,34,,13,85,1,2
JPN,Asia,Japan,2021-03-01,432778,688,1008,7940,51,57,3422,5,8,63,0,0,1,,,,,,,,,60090,7794613,62,0,42741,0,0,42,people tested,31785,31785,,,2836,0,0,,22,48,126476458,348,48,27,18,39002,,79,6,11,34,,13,85,1,
JPN,Asia,Japan,2021-03-02,433700,922,982,8005,65,59,3429,7,8,63,1,0,1,,,,,,,,,82324,7876937,62,1,51884,0,0,53,people tested,34772,34772,,2987,2837,0,0,,22,48,126476458,348,48,27,18,39002,,79,6,11,34,,13,85,1,
JPN,Asia,Japan,2021-03-03,434944,1244,1030,8068,63,58,3439,10,8,64,0,0,1,,,,,,,,,30168,7907105,63,0,48379,0,0,47,people tested,37303,37303,,2531,2774,0,0,,22,48,126476458,348,48,27,18,39002,,79,6,11,34,,13,85,1,
JPN,Asia,Japan,2021-03-04,436093,1149,1040,8135,67,57,3448,9,8,64,1,0,1,,,,,,,,,68856,7975961,63,1,49753,0,0,48,people tested,39174,39174,,1871,2468,0,0,,20,48,126476458,348,48,27,18,39002,,79,6,11,34,,13,85,1,
JPN,Asia,Japan,2021-03-05,437222,1129,1050,8190,55,53,3457,9,8,65,0,0,1,,,,,,,,,45153,8021114,63,0,47937,0,0,46,people tested,46469,46469,,7295,2563,0,0,,20,48,126476458,348,48,27,18,39002,,79,6,11,34,,13,85,1,
JPN,Asia,Japan,2021-03-06,437634,412,934,8196,6,48,3460,3,7,65,0,0,1,,,,,,,,,31058,8052172,64,0,48203,0,0,52,people tested,,,,,3566,,,,28,45,126476458,348,48,27,18,39002,,79,6,11,34,,13,85,1,
JPN,Asia,Japan,2021-03-07,439356,1722,1038,8255,59,52,3474,14,8,65,0,0,1,,,,,,,,,14409,8066581,64,0,47437,0,0,46,people tested,,,,,4570,,,,36,45,126476458,348,48,27,18,39002,,79,6,11,34,,13,85,1,
JPN,Asia,Japan,2021-03-08,439977,621,1028,8301,46,52,3479,5,8,66,0,0,1,,,,,,,,,67917,8134498,64,1,48555,0,0,47,people tested,70796,70796,,,5573,0,0,,44,45,126476458,348,48,27,18,39002,,79,6,11,34,,13,85,1,
JPN,Asia,Japan,2021-03-09,441152,1175,1065,8359,58,51,3488,9,8,66,0,0,1,,,,,,,,,40237,8174735,65,0,42543,0,0,40,people tested,107558,107558,,36762,10398,0,0,,82,45,126476458,348,48,27,18,39002,,79,6,11,34,,13,85,1,
JPN,Asia,Japan,2021-03-10,442411,1259,1067,8412,53,49,3498,10,8,67,0,0,1,,,,,,,,,60152,8234887,65,0,46826,0,0,44,people tested,148950,148915,35,41392,15950,0,0,0,126,45,126476458,348,48,27,18,39002,,79,6,11,34,,13,85,1,
JPN,Asia,Japan,2021-03-11,443714,1303,1089,8457,45,46,3508,10,9,67,0,0,1,,,,,,,,,56851,8291738,66,0,45111,0,0,41,people tested,181184,180741,443,32234,20287,0,0,0,160,45,126476458,348,48,27,18,39002,,79,6,11,34,,13,85,1,
JPN,Asia,Japan,2021-03-12,444977,1263,1108,8515,58,46,3518,10,9,67,0,0,1,,,,,,,,,55562,8347300,66,0,46598,0,0,42,people tested,230542,227194,3348,49358,26296,0,0,0,208,45,126476458,348,48,27,18,39002,,79,6,11,34,,13,85,1,
JPN,Asia,Japan,2021-03-13,446312,1335,1240,8566,51,53,3529,11,10,68,0,0,1,,,,,,,,,31295,8378595,66,0,46632,0,0,38,people tested,,,,,27982,,,,221,43,126476458,348,48,27,18,39002,,79,6,11,34,,13,85,1,
JPN,Asia,Japan,2021-03-14,447287,975,1133,8587,21,47,3537,8,9,68,0,0,1,,,,,,,,,17266,8395861,66,0,47040,0,0,42,people tested,,,,,29668,,,,235,43,126476458,348,48,27,18,39002,,79,6,11,34,,13,85,1,
JPN,Asia,Japan,2021-03-15,448000,713,1146,8625,38,46,3542,6,9,68,0,0,1,,,,,,,,,49870,8445731,67,0,44462,0,0,39,people tested,290275,282398,7877,,31354,0,0,0,248,43,126476458,348,48,27,18,39002,,79,6,11,34,,13,85,1,
JPN,Asia,Japan,2021-03-16,449142,1142,1141,8682,57,46,3551,9,9,69,0,0,1,,,,,,,,,47776,8493507,67,0,45539,0,0,40,people tested,359191,349844,9347,68916,35948,0,0,0,284,43,126476458,348,48,27,18,39002,,79,6,11,34,,13,85,1,
JPN,Asia,Japan,2021-03-17,450687,1545,1182,8718,36,44,3563,12,9,69,0,0,1,,,,,,,,,84919,8578426,68,1,49077,0,0,42,people tested,437485,423196,14289,78294,41219,0,0,0,326,43,126476458,348,48,27,18,39002,,79,6,11,34,,13,85,1,
JPN,Asia,Japan,2021-03-18,452147,1460,1205,8750,32,42,3575,12,10,69,0,0,1,,,,,,,,,54899,8633325,68,0,48798,0,0,40,people tested,508702,490413,18289,71217,46788,0,0,0,370,43,126476458,348,48,27,18,39002,,79,6,11,34,,13,85,1,
JPN,Asia,Japan,2021-03-19,453616,1469,1234,8783,33,38,3587,12,10,69,0,0,1,,,,,,,,,71301,8704626,69,1,51047,0,0,41,people tested,578835,553454,25381,70133,49756,0,0,0,393,43,126476458,348,48,27,18,39002,,79,6,11,34,,13,85,1,
JPN,Asia,Japan,2021-03-20,455212,1596,1271,8802,19,34,3599,13,10,70,0,0,1,,,,,,,,,30658,8735284,69,0,50956,0,0,40,people tested,,,,,50429,,,,399,43,126476458,348,48,27,18,39002,,79,6,11,34,,13,85,1,
JPN,Asia,Japan,2021-03-21,456318,1106,1290,8821,19,33,3608,9,10,70,0,0,1,,,,,,,,,16997,8752281,69,0,50917,0,0,40,people tested,,,,,51102,,,,404,43,126476458,348,48,27,18,39002,,79,6,11,34,,13,85,1,
JPN,Asia,Japan,2021-03-22,457104,786,1301,8857,36,33,3614,6,10,70,0,0,1,,,,,,,,,51469,8803750,70,0,51146,0,0,39,people tested,652698,623569,29129,,51775,1,0,0,409,43,126476458,348,48,27,18,39002,,79,6,11,34,,13,85,1,
JPN,Asia,Japan,2021-03-23,458621,1517,1354,8908,51,32,3626,12,11,70,0,0,1,,,,,,,,,52715,8856465,70,0,51851,0,0,38,people tested,699126,667370,31756,46428,48562,1,1,0,384,43,126476458,348,48,27,18,39002,,79,6,11,34,,13,85,1,
JPN,Asia,Japan,2021-03-24,460595,1974,1415,8929,21,30,3642,16,11,71,0,0,1,,,,,,,,,59974,8916439,70,0,48288,0,0,34,people tested,741180,706101,35079,42054,43385,1,1,0,343,43,126476458,348,48,27,18,39002,,79,6,11,34,,13,85,1,
JPN,Asia,Japan,2021-03-25,462506,1911,1480,8956,27,29,3657,15,12,71,0,0,1,,,,,,,,,62645,8979084,71,0,49394,0,0,33,people tested,775122,737672,37450,33942,38060,1,1,0,301,43,126476458,348,48,27,18,39002,,79,6,11,34,,13,85,1,
JPN,Asia,Japan,2021-03-26,464483,1977,1552,8989,33,29,3672,16,12,71,0,0,1,,,,,,,,,67296,9046380,72,1,48822,0,0,31,people tested,822869,781665,41204,47747,34862,1,1,0,276,43,126476458,348,48,27,18,39002,,79,6,11,34,,13,85,1,
JPN,Asia,Japan,2021-03-27,466563,2080,1622,9021,32,31,3689,16,13,71,0,0,1,,,,,,,,,39591,9085971,72,0,50098,0,0,31,people tested,,,,,34573,,,,273,43,126476458,348,48,27,18,39002,,79,6,11,34,,13,85,1,
JPN,Asia,Japan,2021-03-28,468346,1783,1718,9050,29,33,3703,14,14,72,0,0,1,,,,,,,,,18887,9104858,72,0,50368,0,0,29,people tested,,,,,34284,,,,271,43,126476458,348,48,27,18,39002,,79,6,11,34,,13,85,1,
JPN,Asia,Japan,2021-03-29,469636,1290,1790,9079,29,32,3713,10,14,72,0,0,1,,,,,,,,,72179,9177037,73,1,53327,0,0,30,people tested,890662,825704,64958,,33995,1,1,0,269,43,126476458,348,48,27,18,39002,,79,6,11,34,,13,85,1,
JPN,Asia,Japan,2021-03-30,471777,2141,1879,9112,33,29,3730,17,15,72,0,0,1,,,,,,,,,41247,9218284,73,0,51688,0,0,28,people tested,949731,852946,96785,59069,35801,1,1,0,283,43,126476458,348,48,27,18,39002,,79,6,11,34,,13,85,1,
JPN,Asia,Japan,2021-03-31,474641,2864,2007,9155,43,32,3753,23,16,72,0,0,1,,,,,,,,,67435,9285719,73,1,52754,0,0,26,people tested,1002739,877159,125580,53008,37366,1,1,0,295,43,126476458,348,48,27,18,39002,,79,6,11,34,,13,85,1,5
JPN,Asia,Japan,2021-04-01,477239,2598,2105,9173,18,31,3773,21,17,73,0,0,1,,,,,,,,,65377,9351096,74,1,53145,0,0,25,people tested,1050112,893315,156797,47373,39284,1,1,0,311,43,126476458,348,48,27,18,39002,,79,6,11,34,,13,85,1,
JPN,Asia,Japan,2021-04-02,479953,2714,2210,9191,18,29,3795,21,17,73,0,0,1,,,,,,,,,61146,9412242,74,0,52266,0,0,24,people tested,1096698,913341,183357,46586,39118,1,1,0,309,43,126476458,348,48,27,18,39002,,79,6,11,34,,13,85,1,
JPN,Asia,Japan,2021-04-03,482704,2751,2306,9198,7,25,3817,22,18,73,0,0,1,,,,,,,,,41103,9453345,75,0,52482,0,0,23,people tested,,,,,40661,,,,321,43,126476458,348,48,27,18,39002,,79,6,11,34,,13,85,1,
JPN,Asia,Japan,2021-04-04,485226,2522,2411,9210,12,23,3836,20,19,73,0,0,1,,,,,,,,,17189,9470534,75,0,52239,0,0,22,people tested,,,,,42203,,,,334,43,126476458,348,48,27,18,39002,,79,6,11,34,,13,85,1,
JPN,Asia,Japan,2021-04-05,486792,1566,2451,9229,19,21,3849,12,19,73,0,0,1,,,,,,,,,60274,9530808,75,0,50539,0,0,21,people tested,1196884,956638,240246,,43746,1,1,0,346,43,126476458,348,48,27,18,39002,,79,6,11,34,,13,85,1,
JPN,Asia,Japan,2021-04-06,489407,2615,2519,9251,22,20,3870,21,20,73,0,0,1,,,,,,,,,53019,9583827,76,0,52220,0,0,21,people tested,1288566,996058,292508,91682,48405,1,1,0,383,43,126476458,348,48,27,18,39002,,79,6,11,34,,13,85,1,
JPN,Asia,Japan,2021-04-07,492860,3453,2603,9286,35,19,3897,27,21,73,0,0,1,,,,,,,,,58424,9642251,76,0,50933,0,0,20,people tested,1393108,1036429,356679,104542,55767,1,1,0,441,43,126476458,348,48,27,18,39002,,79,6,11,34,,13,85,1,
JPN,Asia,Japan,2021-04-08,496351,3491,2730,9311,25,20,3924,28,22,74,0,0,1,,,,,,,,,70959,9713210,77,1,51731,0,0,19,people tested,1487606,1066385,421221,94498,62499,1,1,0,494,43,126476458,348,48,27,18,39002,,79,6,11,34,,13,85,1,
JPN,Asia,Japan,2021-04-09,499831,3480,2840,9325,14,19,3952,28,22,74,0,0,1,,,,,,,,,67609,9780819,77,1,52654,0,0,18,people tested,1592517,1101698,490819,104911,70831,1,1,0,560,45,126476458,348,48,27,18,39002,,79,6,11,34,,13,85,1,
JPN,Asia,Japan,2021-04-10,503537,3706,2976,9352,27,22,3981,29,24,74,0,0,1,,,,,,,,,40924,9821743,78,0,52628,0,0,18,people tested,,,,,70901,,,,561,45,126476458,348,48,27,18,39002,,79,6,11,34,,13,85,1,
JPN,Asia,Japan,2021-04-11,506237,2700,3002,9369,17,23,4003,21,24,74,0,0,1,,,,,,,,,22466,9844209,78,0,53382,0,0,18,people tested,,,,,70971,,,,561,45,126476458,348,48,27,18,39002,,79,6,11,34,,13,85,1,
JPN,Asia,Japan,2021-04-12,508350,2113,3080,9393,24,23,4019,17,24,74,0,0,1,,,,,,,,,72260,9916469,78,1,55094,0,0,18,people tested,1694167,1133262,560905,,71040,1,1,0,562,45,126476458,348,48,27,18,39002,,79,6,11,34,,13,85,1,
JPN,Asia,Japan,2021-04-13,511799,3449,3199,9422,29,24,4047,27,25,74,0,0,1,,,,,,,,,65278,9981747,79,1,56846,0,0,18,people tested,1752226,1151231,600995,58059,66237,1,1,0,524,45,126476458,348,48,27,18,39002,,79,6,11,34,,13,85,1,
JPN,Asia,Japan,2021-04-14,517281,5482,3489,9471,49,26,4090,43,28,75,0,0,1,,,,,,,,,73092,10054839,80,1,58941,0,0,17,people tested,1807975,1165553,642422,55749,59267,1,1,1,469,45,126476458,348,48,27,18,39002,,79,6,11,34,,13,85,1,
JPN,Asia,Japan,2021-04-15,521796,4515,3635,9506,35,28,4126,36,29,75,0,0,1,,,,,,,,,82330,10137169,80,1,60566,0,0,17,people tested,1869035,1190630,678405,61060,54490,1,1,1,431,45,126476458,348,48,27,18,39002,,79,6,11,34,,13,85,1,
JPN,Asia,Japan,2021-04-16,526307,4511,3782,9552,46,32,4161,36,30,76,0,0,1,,,,,,,,,77966,10215135,81,1,62045,0,0,16,people tested,1948418,1230022,718396,79383,50843,2,1,1,402,45,126476458,348,48,27,18,39002,,79,6,11,34,,13,85,1,
JPN,Asia,Japan,2021-04-17,531109,4802,3939,9593,41,34,4199,38,31,76,0,0,1,,,,,,,,,50503,10265638,81,0,63414,1,0,16,people tested,1956078,1237682,718396,7660,47097,2,1,1,372,45,126476458,348,48,27,18,39002,,79,6,11,34,,13,85,1,
JPN,Asia,Japan,2021-04-18,535220,4111,4140,9610,17,34,4232,33,33,76,0,0,1,,,,,,,,,30571,10296209,81,0,64571,1,0,16,people tested,1964349,1245953,718396,8271,43438,2,1,1,343,45,126476458,348,48,27,18,39002,,79,6,11,34,,13,85,1,
JPN,Asia,Japan,2021-04-19,537494,2274,4163,9629,19,34,4250,18,33,76,0,0,1,,,,,,,,,86696,10382905,82,1,66634,1,0,16,people tested,2112957,1340254,772703,148608,59827,2,1,1,473,45,126476458,348,48,27,18,39002,,79,6,11,34,,13,85,1,
JPN,Asia,Japan,2021-04-20,542467,4973,4381,9682,53,37,4289,39,35,77,0,0,1,,,,,,,,,70951,10453856,83,1,67444,1,0,15,people tested,2283915,1483415,800500,170958,75956,2,1,1,601,45,126476458,348,48,27,18,39002,,79,6,11,34,,13,85,1,
JPN,Asia,Japan,2021-04-21,547836,5369,4365,9737,55,38,4332,42,35,77,0,0,1,,,,,,,,,96428,10550284,83,1,70778,1,0,16,people tested,2489160,1661964,827196,205245,97312,2,1,1,769,45,126476458,348,48,27,18,39002,,79,6,11,34,,13,85,1,
JPN,Asia,Japan,2021-04-22,553362,5526,4509,9778,41,39,4375,44,36,77,0,0,1,,,,,,,,,94257,10644541,84,1,72482,1,0,16,people tested,2690827,1841776,849051,201667,117399,2,1,1,928,45,126476458,348,48,27,18,39002,,79,6,11,34,,13,85,1,
JPN,Asia,Japan,2021-04-23,558376,5014,4581,9834,56,40,4415,40,36,78,0,0,1,,,,,,,,,91286,10735827,85,1,74385,1,0,16,people tested,2915833,2037099,878734,225006,138202,2,2,1,1093,45,126476458,348,48,27,18,39002,,79,6,11,34,,13,85,1,
JPN,Asia,Japan,2021-04-24,563998,5622,4698,9890,56,42,4459,44,37,78,0,0,1,,,,,,,,,58221,10794048,85,0,75487,1,0,16,people tested,2946675,2067941,878734,30842,141514,2,2,1,1119,45,126476458,348,48,27,18,39002,,79,6,11,34,,13,85,1,
JPN,Asia,Japan,2021-04-25,568621,4623,4772,9939,49,47,4496,37,38,79,0,0,1,,,,,,,,,35886,10829934,86,0,76246,1,0,16,people tested,2968233,2089499,878734,21558,143412,2,2,1,1134,49,126476458,348,48,27,18,39002,,79,6,11,34,,13,85,1,
JPN,Asia,Japan,2021-04-26,571904,3283,4916,9968,29,48,4522,26,39,79,0,0,1,,,,,,,,,83925,10913859,86,1,75851,1,0,15,people tested,3283821,2363436,920385,315588,167266,3,2,1,1323,49,126476458,348,48,27,18,39002,,79,6,11,34,,13,85,1,
JPN,Asia,Japan,2021-04-27,576870,4966,4915,10031,63,50,4561,39,39,79,0,0,1,,,,,,,,,81048,10994907,87,1,77293,1,0,16,people tested,3556230,2604740,951490,272409,181759,3,2,1,1437,49,126476458,348,48,27,18,39002,,79,6,11,34,,13,85,1,
JPN,Asia,Japan,2021-04-28,580666,3796,4690,10052,21,45,4591,30,37,79,0,0,1,,,,,,,,,68106,11063013,87,1,73247,1,0,16,people tested,3869203,2873445,995758,312973,197149,3,2,1,1559,49,126476458,348,48,27,18,39002,,79,6,11,34,,13,85,1,
JPN,Asia,Japan,2021-04-29,588580,7914,5031,10160,108,55,4654,63,40,80,1,0,1,,,,,,,,,91921,11154934,88,1,72913,1,0,14,people tested,3887017,2891259,995758,17814,170884,3,2,1,1351,49,126476458,348,48,27,18,39002,,79,6,11,34,,13,85,1,
JPN,Asia,Japan,2021-04-30,593264,4684,4984,10199,39,52,4691,37,39,81,0,0,1,,,,,,,,,64494,11219428,89,1,69086,1,0,14,people tested,4218536,3175538,1042998,331519,186100,3,3,1,1471,49,126476458,348,48,27,18,39002,,79,6,11,34,,13,85,1,9
JPN,Asia,Japan,2021-05-01,599253,5989,5036,10281,82,56,4738,47,40,81,1,0,1,,,,,,,,,68323,11287751,89,1,70529,1,0,14,people tested,4254037,3211039,1042998,35501,186766,3,3,1,1477,49,126476458,348,48,27,18,39002,,79,6,11,34,,13,85,1,
JPN,Asia,Japan,2021-05-02,605150,5897,5218,10342,61,58,4785,47,41,82,0,0,1,,,,,,,,,36217,11323968,90,0,70576,1,0,14,people tested,4276723,3233725,1042998,22686,186927,3,3,1,1478,49,126476458,348,48,27,18,39002,,79,6,11,34,,13,85,1,
JPN,Asia,Japan,2021-05-03,609625,4475,5389,10391,49,60,4820,35,43,82,0,0,1,,,,,,,,,44186,11368154,90,0,64899,1,0,12,people tested,4284452,3240622,1043830,7729,142947,3,3,1,1130,49,126476458,348,48,27,18,39002,,79,6,11,34,,13,85,1,
JPN,Asia,Japan,2021-05-04,613822,4197,5279,10441,50,59,4853,33,42,83,0,0,1,,,,,,,,,27746,11395900,90,0,57285,0,0,11,people tested,4293016,3248404,1044612,8564,105255,3,3,1,832,49,126476458,348,48,27,18,39002,,79,6,11,34,,13,85,1,
JPN,Asia,Japan,2021-05-05,617890,4068,5318,10501,60,64,4885,32,42,83,0,1,1,,,,,,,,,67085,11462985,91,1,57139,0,0,11,people tested,4303033,3257547,1045486,10017,61976,3,3,1,490,49,126476458,348,48,27,18,39002,,79,6,11,34,,13,85,1,
JPN,Asia,Japan,2021-05-06,622273,4383,4813,10566,65,58,4920,35,38,84,1,0,1,,,,,,,,,89586,11552571,91,1,56805,0,0,12,people tested,4682215,3567150,1115065,379182,113600,4,3,1,898,49,126476458,348,48,27,18,39002,,79,6,11,34,,13,85,1,
JPN,Asia,Japan,2021-05-07,628319,6046,5008,10712,146,73,4968,48,40,85,1,1,1,,,,,,,,,109758,11662329,92,1,63272,0,0,13,people tested,4870318,3704559,1165759,188103,93112,4,3,1,736,49,126476458,348,48,27,18,39002,,79,6,11,34,,13,85,1,
JPN,Asia,Japan,2021-05-08,635568,7249,5188,10796,84,74,5025,57,41,85,1,1,1,,,,,,,,,71001,11733330,93,1,63654,1,0,12,people tested,4933534,3761002,1172532,63216,97071,4,3,1,768,49,126476458,348,48,27,18,39002,,79,6,11,34,,13,85,1,
JPN,Asia,Japan,2021-05-09,642146,6578,5285,10860,64,74,5077,52,42,86,1,1,1,,,,,,,,,41338,11774668,93,0,64386,1,0,12,people tested,5010844,3831245,1179599,77310,104874,4,3,1,829,49,126476458,348,48,27,18,39002,,79,6,11,34,,13,85,1,
JPN,Asia,Japan,2021-05-10,647003,4857,5340,10931,71,77,5116,38,42,86,1,1,1,,,,,,,,,130677,11905345,94,1,76742,1,0,14,people tested,5351195,4082683,1268512,340351,152392,4,3,1,1205,49,126476458,348,48,27,18,39002,,79,6,11,34,,13,85,1,
JPN,Asia,Japan,2021-05-11,653363,6360,5649,11045,114,86,5166,50,45,87,1,1,1,,,,,,,,,97038,12002383,95,1,86640,1,0,15,people tested,5672137,4293089,1379048,320942,197017,4,3,1,1558,49,126476458,348,48,27,18,39002,,79,6,11,34,,13,85,1,
JPN,Asia,Japan,2021-05-12,660884,7521,6142,11148,103,92,5225,59,49,88,1,1,1,,,,,,,,,87073,12089456,96,1,89496,1,0,15,people tested,6042536,4526354,1516182,370399,248500,5,4,1,1965,49,126476458,348,48,27,18,39002,,79,6,11,34,,13,85,1,
JPN,Asia,Japan,2021-05-13,667251,6367,6425,11249,101,98,5276,50,51,89,1,1,1,,,,,,,,,122502,12211958,97,1,94198,1,0,15,people tested,6446805,4767553,1679252,404269,252084,5,4,1,1993,49,126476458,348,48,27,18,39002,,79,6,11,34,,13,85,1,
JPN,Asia,Japan,2021-05-14,673539,6288,6460,11330,81,88,5325,50,51,90,1,1,1,,,,,,,,,99676,12311634,97,1,92758,1,0,14,people tested,6847686,4993463,1854223,400881,282481,5,4,1,2233,49,126476458,348,48,27,18,39002,,79,6,11,34,,13,85,1,
JPN,Asia,Japan,2021-05-15,679870,6331,6329,11424,94,90,5375,50,50,90,1,1,1,,,,,,,,,66868,12378502,98,1,92167,1,0,15,people tested,7006381,5126751,1879630,158695,296121,6,4,1,2341,49,126476458,348,48,27,18,39002,,79,6,11,34,,13,85,1,
JPN,Asia,Japan,2021-05-16,685135,5265,6141,11471,47,87,5417,42,49,91,0,1,1,,,,,,,,,35948,12414450,98,0,91397,1,0,15,people tested,7209346,5311272,1898074,202965,314072,6,4,2,2483,49,126476458,348,48,27,18,39002,,79,6,11,34,,13,85,1,
JPN,Asia,Japan,2021-05-17,688873,3738,5981,11587,116,94,5447,30,47,92,1,1,1,,,,,,,,,95425,12509875,99,1,86361,1,0,14,people tested,7798349,5646333,2152016,589003,349593,6,4,2,2764,49,126476458,348,48,27,18,39002,,79,6,11,34,,13,85,1,
JPN,Asia,Japan,2021-05-18,694077,5204,5816,11803,216,108,5488,41,46,93,2,1,1,,,,,,,,,86352,12596227,100,1,84835,1,0,15,people tested,8339845,5982156,2357689,541496,381101,7,5,2,3013,49,126476458,348,48,27,18,39002,,79,6,11,34,,13,85,1,
JPN,Asia,Japan,2021-05-19,699931,5854,5578,11900,97,107,5534,46,44,94,1,1,1,,,,,,,,,149234,12745461,101,1,93715,1,0,17,people tested,8953903,6364830,2589073,614058,415910,7,5,2,3288,49,126476458,348,48,27,18,39002,,79,6,11,34,,13,85,1,
JPN,Asia,Japan,2021-05-20,705641,5710,5484,12006,106,108,5579,45,43,95,1,1,1,,,,,,,,,97287,12842748,102,1,90113,1,0,16,people tested,9471741,6753164,2718577,517838,432134,7,5,2,3417,49,126476458,348,48,27,18,39002,,79,6,11,34,,13,85,1,
JPN,Asia,Japan,2021-05-21,710895,5254,5337,12119,113,113,5621,42,42,96,1,1,1,,,,,,,,,117145,12959893,102,1,92608,1,0,17,people tested,10026501,7118357,2908144,554760,454116,8,6,2,3591,49,126476458,348,48,27,18,39002,,79,6,11,34,,13,85,1,
JPN,Asia,Japan,2021-05-22,715880,4985,5144,12203,84,111,5660,39,41,96,1,1,1,,,,,,,,,66583,13026476,103,1,92568,1,0,18,people tested,10337360,7393883,2943477,310859,475854,8,6,2,3762,49,126476458,348,48,27,18,39002,,79,6,11,34,,13,85,1,
JPN,Asia,Japan,2021-05-23,719925,4045,4970,12265,62,113,5692,32,39,97,0,1,1,,,,,,,,,35263,13061739,103,0,92470,1,0,19,people tested,10680736,7714795,2965941,343376,495913,8,6,2,3921,49,126476458,348,48,27,18,39002,,79,6,11,34,,13,85,1,
JPN,Asia,Japan,2021-05-24,722668,2743,4828,12351,86,109,5714,22,38,98,1,1,1,,,,,,,,,91616,13153355,104,1,91926,1,0,19,people tested,11448929,8280530,3168399,768193,521511,9,7,3,4123,49,126476458,348,48,27,18,39002,,79,6,11,34,,13,85,1,
JPN,Asia,Japan,2021-05-25,726586,3918,4644,12457,106,93,5745,31,37,98,1,1,1,,,,,,,,,70045,13223400,105,1,89596,1,0,19,people tested,12092535,8862640,3229895,643606,536099,10,7,3,4239,49,126476458,348,48,27,18,39002,,79,6,11,34,,13,85,1,
JPN,Asia,Japan,2021-05-26,731071,4485,4449,12573,116,96,5780,35,35,99,1,1,1,,,,,,,,,87089,13310489,105,1,80718,1,0,18,people tested,12796826,9506886,3289940,704291,548989,10,8,3,4341,49,126476458,348,48,27,18,39002,,79,6,11,34,,13,85,1,
JPN,Asia,Japan,2021-05-27,735234,4163,4228,12691,118,98,5813,33,33,100,1,1,1,,,,,,,,,116584,13427073,106,1,83475,1,0,20,people tested,13513221,10124053,3389168,716395,577354,11,8,3,4565,49,126476458,348,48,27,18,39002,,79,6,11,34,,13,85,1,
JPN,Asia,Japan,2021-05-28,738935,3701,4006,12786,95,95,5842,29,32,101,1,1,1,,,,,,,,,118523,13545596,107,1,83672,1,0,21,people tested,14222511,10719385,3503126,709290,599430,11,8,3,4739,49,126476458,348,48,27,18,39002,,79,6,11,34,,13,85,1,
JPN,Asia,Japan,2021-05-29,742539,3604,3808,12877,91,96,5871,28,30,102,1,1,1,,,,,,,,,57084,13602680,108,0,82315,1,0,22,people tested,14734827,11178964,3555863,512316,628210,12,9,3,4967,49,126476458,348,48,27,18,39002,,79,6,11,34,,13,85,1,
JPN,Asia,Japan,2021-05-30,745392,2853,3638,12926,49,94,5894,23,29,102,0,1,1,,,,,,,,,30097,13632777,108,0,81577,1,0,22,people tested,15251201,11633507,3617694,516374,652924,12,9,3,5162,49,126476458,348,48,27,18,39002,,79,6,11,34,,13,85,1,
JPN,Asia,Japan,2021-05-31,747188,1796,3503,13006,80,94,5908,14,28,103,1,1,1,,,,,,,,,83703,13716480,108,1,80446,1,0,23,people tested,16127507,12282683,3844824,876306,668368,13,10,3,5285,49,126476458,348,48,27,18,39002,,79,6,11,34,,13,85,1,
