countryterritoryCode,continentExp,countriesAndTerritories,dateRep,total_cases,cases,new_cases_smoothed,total_deaths,deaths,new_deaths_smoothed,total_cases_per_million,new_cases_per_million,new_cases_smoothed_per_million,total_deaths_per_million,new_deaths_per_million,new_deaths_smoothed_per_million,reproduction_rate,icu_patients,icu_patients_per_million,hosp_patients,hosp_patients_per_million,weekly_icu_admissions,weekly_icu_admissions_per_million,weekly_hosp_admissions,weekly_hosp_admissions_per_million,new_tests,total_tests,total_tests_per_thousand,new_tests_per_thousand,new_tests_smoothed,new_tests_smoothed_per_thousand,positive_rate,tests_per_case,tests_units,total_vaccinations,people_vaccinated,people_fully_vaccinated,new_vaccinations,new_vaccinations_smoothed,total_vaccinations_per_hundred,people_vaccinated_per_hundred,people_fully_vaccinated_per_hundred,new_vaccinations_smoothed_per_million,stringency_index,popData2019,population_density,median_age,aged_65_older,aged_70_older,gdp_per_capita,extreme_poverty,cardiovasc_death_rate,diabetes_prevalence,female_smokers,male_smokers,handwashing_facilities,hospital_beds_per_thousand,life_expectancy,human_development_index,excess_mortality
KOR,Asia,South Korea,2020-07-01,12904,54,49,282,0,0,252,1,1,6,0,0,1,,,,,,,,,12748,1265705,25,0,11050,0,0,227,people tested,,,,,,,,,,53,51269183,528,43,14,9,35938,0,86,7,6,41,,12,83,1,
KOR,Asia,South Korea,2020-07-02,12967,63,52,282,0,0,253,1,1,6,0,0,1,,,,,,,,,10475,1276180,25,0,10657,0,0,204,people tested,,,,,,,,,,57,51269183,528,43,14,9,35938,0,86,7,6,41,,12,83,1,
KOR,Asia,South Korea,2020-07-03,13030,63,54,283,1,0,254,1,1,6,0,0,1,,,,,,,,,10021,1286201,25,0,10388,0,0,193,people tested,,,,,,,,,,57,51269183,528,43,14,9,35938,0,86,7,6,41,,12,83,1,
KOR,Asia,South Korea,2020-07-04,13091,61,54,283,0,0,255,1,1,6,0,0,1,,,,,,,,,11001,1297202,25,0,10470,0,0,195,people tested,,,,,,,,,,53,51269183,528,43,14,9,35938,0,86,7,6,41,,12,83,1,
KOR,Asia,South Korea,2020-07-05,13137,46,54,284,1,0,256,1,1,6,0,0,1,,,,,,,,,,,,,10166,0,0,187,people tested,,,,,,,,,,53,51269183,528,43,14,9,35938,0,86,7,6,41,,12,83,1,6
KOR,Asia,South Korea,2020-07-06,13181,44,54,285,1,0,257,1,1,6,0,0,1,,,,,,,,,,1310504,26,,9864,0,0,181,people tested,,,,,,,,,,53,51269183,528,43,14,9,35938,0,86,7,6,41,,12,83,1,
KOR,Asia,South Korea,2020-07-07,13244,63,56,285,0,0,258,1,1,6,0,0,1,,,,,,,,,12015,1322519,26,0,9937,0,0,176,people tested,,,,,,,,,,53,51269183,528,43,14,9,35938,0,86,7,6,41,,12,83,1,
KOR,Asia,South Korea,2020-07-08,13293,49,56,287,2,1,259,1,1,6,0,0,1,,,,,,,,,13204,1335723,26,0,10003,0,0,180,people tested,,,,,,,,,,53,51269183,528,43,14,9,35938,0,86,7,6,41,,12,83,1,
KOR,Asia,South Korea,2020-07-09,13338,45,53,288,1,1,260,1,1,6,0,0,1,,,,,,,,,12136,1347859,26,0,10240,0,0,193,people tested,,,,,,,,,,53,51269183,528,43,14,9,35938,0,86,7,6,41,,12,83,1,
KOR,Asia,South Korea,2020-07-10,13373,35,49,288,0,1,261,1,1,6,0,0,1,,,,,,,,,13504,1361363,27,0,10737,0,0,219,people tested,,,,,,,,,,53,51269183,528,43,14,9,35938,0,86,7,6,41,,12,83,1,
KOR,Asia,South Korea,2020-07-11,13417,44,47,289,1,1,262,1,1,6,0,0,1,,,,,,,,,,,,,10520,0,0,226,people tested,,,,,,,,,,53,51269183,528,43,14,9,35938,0,86,7,6,41,,12,83,1,
KOR,Asia,South Korea,2020-07-12,13479,62,49,289,0,1,263,1,1,6,0,0,1,,,,,,,,,,1380314,27,,10923,0,0,224,people tested,,,,,,,,,,53,51269183,528,43,14,9,35938,0,86,7,6,41,,12,83,1,3
KOR,Asia,South Korea,2020-07-13,13512,33,47,289,0,1,264,1,1,6,0,0,1,,,,,,,,,6153,1386467,27,0,10852,0,0,230,people tested,,,,,,,,,,53,51269183,528,43,14,9,35938,0,86,7,6,41,,12,83,1,
KOR,Asia,South Korea,2020-07-14,13551,39,44,289,0,1,264,1,1,6,0,0,1,,,,,,,,,9860,1396327,27,0,10544,0,0,240,people tested,,,,,,,,,,53,51269183,528,43,14,9,35938,0,86,7,6,41,,12,83,1,
KOR,Asia,South Korea,2020-07-15,13612,61,46,291,2,1,266,1,1,6,0,0,1,,,,,,,,,11692,1408019,27,0,10328,0,0,227,people tested,,,,,,,,,,53,51269183,528,43,14,9,35938,0,86,7,6,41,,12,83,1,
KOR,Asia,South Korea,2020-07-16,13672,60,48,293,2,1,267,1,1,6,0,0,1,,,,,,,,,9925,1417944,28,0,10012,0,0,210,people tested,,,,,,,,,,53,51269183,528,43,14,9,35938,0,86,7,6,41,,12,83,1,
KOR,Asia,South Korea,2020-07-17,13711,39,48,294,1,1,267,1,1,6,0,0,1,,,,,,,,,9963,1427907,28,0,9506,0,0,197,people tested,,,,,,,,,,53,51269183,528,43,14,9,35938,0,86,7,6,41,,12,83,1,
KOR,Asia,South Korea,2020-07-18,13745,34,47,295,1,1,268,1,1,6,0,0,1,,,,,,,,,9374,1437281,28,0,9492,0,0,203,people tested,,,,,,,,,,53,51269183,528,43,14,9,35938,0,86,7,6,41,,12,83,1,
KOR,Asia,South Korea,2020-07-19,13771,26,42,296,1,1,269,1,1,6,0,0,1,,,,,,,,,6065,1443346,28,0,9005,0,0,216,people tested,,,,,,,,,,53,51269183,528,43,14,9,35938,0,86,7,6,41,,12,83,1,8
KOR,Asia,South Korea,2020-07-20,13816,45,43,296,0,1,269,1,1,6,0,0,1,,,,,,,,,5545,1448891,28,0,8918,0,0,205,people tested,,,,,,,,,,53,51269183,528,43,14,9,35938,0,86,7,6,41,,12,83,1,
KOR,Asia,South Korea,2020-07-21,13879,63,47,297,1,1,271,1,1,6,0,0,1,,,,,,,,,9635,1458526,28,0,8886,0,0,190,people tested,,,,,,,,,,53,51269183,528,43,14,9,35938,0,86,7,6,41,,12,83,1,
KOR,Asia,South Korea,2020-07-22,13938,59,47,297,0,1,272,1,1,6,0,0,1,,,,,,,,,11794,1470320,29,0,8900,0,0,191,people tested,,,,,,,,,,53,51269183,528,43,14,9,35938,0,86,7,6,41,,12,83,1,
KOR,Asia,South Korea,2020-07-23,13979,41,44,298,1,1,273,1,1,6,0,0,1,,,,,,,,,9116,1479436,29,0,8785,0,0,200,people tested,,,,,,,,,,53,51269183,528,43,14,9,35938,0,86,7,6,41,,12,83,1,
KOR,Asia,South Korea,2020-07-24,14092,113,54,298,0,1,275,2,1,6,0,0,1,,,,,,,,,10332,1489768,29,0,8837,0,0,162,people tested,,,,,,,,,,53,51269183,528,43,14,9,35938,0,86,7,6,41,,12,83,1,
KOR,Asia,South Korea,2020-07-25,14150,58,58,298,0,0,276,1,1,6,0,0,1,,,,,,,,,9185,1498953,29,0,8810,0,0,152,people tested,,,,,,,,,,53,51269183,528,43,14,9,35938,0,86,7,6,41,,12,83,1,
KOR,Asia,South Korea,2020-07-26,14175,25,58,299,1,0,276,0,1,6,0,0,1,,,,,,,,,4759,1503712,29,0,8624,0,0,149,people tested,,,,,,,,,,53,51269183,528,43,14,9,35938,0,86,7,6,41,,12,83,1,7
KOR,Asia,South Korea,2020-07-27,14203,28,55,300,1,1,277,1,1,6,0,0,1,,,,,,,,,4492,1508204,29,0,8473,0,0,153,people tested,,,,,,,,,,53,51269183,528,43,14,9,35938,0,86,7,6,41,,12,83,1,
KOR,Asia,South Korea,2020-07-28,14251,48,53,300,0,0,278,1,1,6,0,0,1,,,,,,,,,9056,1517260,30,0,8391,0,0,158,people tested,,,,,,,,,,53,51269183,528,43,14,9,35938,0,86,7,6,41,,12,83,1,
KOR,Asia,South Korea,2020-07-29,14269,18,47,300,0,0,278,0,1,6,0,0,1,,,,,,,,,10721,1527981,30,0,8237,0,0,174,people tested,,,,,,,,,,53,51269183,528,43,14,9,35938,0,86,7,6,41,,12,83,1,
KOR,Asia,South Korea,2020-07-30,14305,36,47,301,1,0,279,1,1,6,0,0,1,,,,,,,,,9216,1537197,30,0,8252,0,0,177,people tested,,,,,,,,,,53,51269183,528,43,14,9,35938,0,86,7,6,41,,12,83,1,
KOR,Asia,South Korea,2020-07-31,14336,31,35,301,0,0,280,1,1,6,0,0,1,,,,,,,,,8269,1545466,30,0,7957,0,0,228,people tested,,,,,,,,,,53,51269183,528,43,14,9,35938,0,86,7,6,41,,12,83,1,
KOR,Asia,South Korea,2020-08-01,14366,30,31,301,0,0,280,1,1,6,0,0,1,,,,,,,,,8086,1553552,30,0,7800,0,0,253,people tested,,,,,,,,,,53,51269183,528,43,14,9,35938,0,86,7,6,41,,12,83,1,
KOR,Asia,South Korea,2020-08-02,14389,23,31,301,0,0,281,0,1,6,0,0,1,,,,,,,,,4926,1558478,30,0,7824,0,0,256,people tested,,,,,,,,,,53,51269183,528,43,14,9,35938,0,86,7,6,41,,12,83,1,4
KOR,Asia,South Korea,2020-08-03,14423,34,31,301,0,0,281,1,1,6,0,0,1,,,,,,,,,3878,1562356,30,0,7736,0,0,246,people tested,,,,,,,,,,53,51269183,528,43,14,9,35938,0,86,7,6,41,,12,83,1,
KOR,Asia,South Korea,2020-08-04,14456,33,29,302,1,0,282,1,1,6,0,0,1,,,,,,,,,8700,1571056,31,0,7685,0,0,262,people tested,,,,,,,,,,53,51269183,528,43,14,9,35938,0,86,7,6,41,,12,83,1,
KOR,Asia,South Korea,2020-08-05,14499,43,33,302,0,0,283,1,1,6,0,0,1,,,,,,,,,8641,1579697,31,0,7388,0,0,225,people tested,,,,,,,,,,53,51269183,528,43,14,9,35938,0,86,7,6,41,,12,83,1,
KOR,Asia,South Korea,2020-08-06,14519,20,31,303,1,0,283,0,1,6,0,0,1,,,,,,,,,8759,1588456,31,0,7323,0,0,240,people tested,,,,,,,,,,53,51269183,528,43,14,9,35938,0,86,7,6,41,,12,83,1,
KOR,Asia,South Korea,2020-08-07,14562,43,32,304,1,0,284,1,1,6,0,0,1,,,,,,,,,8128,1596584,31,0,7303,0,0,226,people tested,,,,,,,,,,53,51269183,528,43,14,9,35938,0,86,7,6,41,,12,83,1,
KOR,Asia,South Korea,2020-08-08,14598,36,33,305,1,1,285,1,1,6,0,0,1,,,,,,,,,7825,1604409,31,0,7265,0,0,219,people tested,,,,,,,,,,53,51269183,528,43,14,9,35938,0,86,7,6,41,,12,83,1,
KOR,Asia,South Korea,2020-08-09,14626,28,34,305,0,1,285,1,1,6,0,0,1,,,,,,,,,3438,1607847,31,0,7053,0,0,208,people tested,,,,,,,,,,53,51269183,528,43,14,9,35938,0,86,7,6,41,,12,83,1,3
KOR,Asia,South Korea,2020-08-10,14660,34,34,305,0,1,286,1,1,6,0,0,1,,,,,,,,,4060,1611907,31,0,7079,0,0,209,people tested,,,,,,,,,,53,51269183,528,43,14,9,35938,0,86,7,6,41,,12,83,1,
KOR,Asia,South Korea,2020-08-11,14714,54,37,305,0,0,287,1,1,6,0,0,2,,,,,,,,,8448,1620355,32,0,7043,0,0,191,people tested,,,,,,,,,,53,51269183,528,43,14,9,35938,0,86,7,6,41,,12,83,1,
KOR,Asia,South Korea,2020-08-12,14770,56,39,305,0,0,288,1,1,6,0,0,2,,,,,,,,,8922,1629277,32,0,7083,0,0,183,people tested,,,,,,,,,,53,51269183,528,43,14,9,35938,0,86,7,6,41,,12,83,1,
KOR,Asia,South Korea,2020-08-13,14873,103,51,305,0,0,290,2,1,6,0,0,2,,,,,,,,,7823,1637100,32,0,6949,0,0,137,people tested,,,,,,,,,,53,51269183,528,43,14,9,35938,0,86,7,6,41,,12,83,1,
KOR,Asia,South Korea,2020-08-14,15039,166,68,305,0,0,293,3,1,6,0,0,3,,,,,,,,,7852,1644952,32,0,6910,0,0,101,people tested,,,,,,,,,,53,51269183,528,43,14,9,35938,0,86,7,6,41,,12,83,1,
KOR,Asia,South Korea,2020-08-15,15318,279,103,305,0,0,299,5,2,6,0,0,3,,,,,,,,,8726,1653678,32,0,7038,0,0,68,people tested,,,,,,,,,,53,51269183,528,43,14,9,35938,0,86,7,6,41,,12,83,1,
KOR,Asia,South Korea,2020-08-16,15515,197,127,305,0,0,303,4,2,6,0,0,3,,,,,,,,,6104,1659782,32,0,7419,0,0,58,people tested,,,,,,,,,,53,51269183,528,43,14,9,35938,0,86,7,6,41,,12,83,1,12
KOR,Asia,South Korea,2020-08-17,15761,246,157,306,1,0,307,5,3,6,0,0,2,,,,,,,,,5724,1665506,32,0,7657,0,0,49,people tested,,,,,,,,,,53,51269183,528,43,14,9,35938,0,86,7,6,41,,12,83,1,
KOR,Asia,South Korea,2020-08-18,16058,297,192,306,0,0,313,6,4,6,0,0,2,,,,,,,,,6317,1671823,33,0,7353,0,0,38,people tested,,,,,,,,,,53,51269183,528,43,14,9,35938,0,86,7,6,41,,12,83,1,
KOR,Asia,South Korea,2020-08-19,16346,288,225,307,1,0,319,6,4,6,0,0,2,,,,,,,,,12219,1684042,33,0,7824,0,0,35,people tested,,,,,,,,,,53,51269183,528,43,14,9,35938,0,86,7,6,41,,12,83,1,
KOR,Asia,South Korea,2020-08-20,16670,324,257,309,2,1,325,6,5,6,0,0,2,,,,,,,,,15043,1699085,33,0,8855,0,0,34,people tested,,,,,,,,,,53,51269183,528,43,14,9,35938,0,86,7,6,41,,12,83,1,
KOR,Asia,South Korea,2020-08-21,17002,332,280,309,0,1,332,6,5,6,0,0,2,,,,,,,,,16993,1716078,33,0,10161,0,0,36,people tested,,,,,,,,,,53,51269183,528,43,14,9,35938,0,86,7,6,41,,12,83,1,
KOR,Asia,South Korea,2020-08-22,17399,397,297,309,0,1,339,8,6,6,0,0,2,,,,,,,,,17295,1733373,34,0,11385,0,0,38,people tested,,,,,,,,,,53,51269183,528,43,14,9,35938,0,86,7,6,41,,12,83,1,
KOR,Asia,South Korea,2020-08-23,17665,266,307,309,0,1,345,5,6,6,0,0,1,,,,,,,,,10249,1743622,34,0,11977,0,0,39,people tested,,,,,,,,,,53,51269183,528,43,14,9,35938,0,86,7,6,41,,12,83,1,16
KOR,Asia,South Korea,2020-08-24,17945,280,312,310,1,1,350,5,6,6,0,0,1,,,,,,,,,12805,1756427,34,0,12989,0,0,42,people tested,,,,,,,,,,53,51269183,528,43,14,9,35938,0,86,7,6,41,,12,83,1,
KOR,Asia,South Korea,2020-08-25,18265,320,315,312,2,1,356,6,6,6,0,0,1,,,,,,,,,19048,1775475,35,0,14807,0,0,47,people tested,,,,,,,,,,53,51269183,528,43,14,9,35938,0,86,7,6,41,,12,83,1,
KOR,Asia,South Korea,2020-08-26,18706,441,337,313,1,1,365,9,7,6,0,0,1,,,,,,,,,21236,1796711,35,0,16096,0,0,48,people tested,,,,,,,,,,53,51269183,528,43,14,9,35938,0,86,7,6,41,,12,83,1,
KOR,Asia,South Korea,2020-08-27,19077,371,344,316,3,1,372,7,7,6,0,0,1,,,,,,,,,20827,1817538,35,0,16922,0,0,49,people tested,,,,,,,,,,53,51269183,528,43,14,9,35938,0,86,7,6,41,,12,83,1,
KOR,Asia,South Korea,2020-08-28,19400,323,343,321,5,2,378,6,7,6,0,0,1,,,,,,,,,19468,1837006,36,0,17275,0,0,50,people tested,,,,,,,,,,53,51269183,528,43,14,9,35938,0,86,7,6,41,,12,83,1,
KOR,Asia,South Korea,2020-08-29,19699,299,329,323,2,2,384,6,6,6,0,0,1,,,,,,,,,18277,1855283,36,0,17416,0,0,53,people tested,,,,,,,,,,53,51269183,528,43,14,9,35938,0,86,7,6,41,,12,83,1,
KOR,Asia,South Korea,2020-08-30,19947,248,326,324,1,2,389,5,6,6,0,0,1,,,,,,,,,10866,1866149,36,0,17504,0,0,54,people tested,,,,,,,,,,53,51269183,528,43,14,9,35938,0,86,7,6,41,,12,83,1,13
KOR,Asia,South Korea,2020-08-31,20182,235,320,324,0,2,394,5,6,6,0,0,1,,,,,,,,,13664,1879813,37,0,17627,0,0,55,people tested,,,,,,,,,,53,51269183,528,43,14,9,35938,0,86,7,6,41,,12,83,1,
KOR,Asia,South Korea,2020-09-01,20449,267,312,326,2,2,399,5,6,6,0,0,1,,,,,,,,,22524,1902337,37,0,18123,0,0,58,people tested,,,,,,,,,,53,51269183,528,43,14,9,35938,0,86,7,6,41,,12,83,1,
KOR,Asia,South Korea,2020-09-02,20644,195,277,329,3,2,403,4,5,6,0,0,1,,,,,,,,,21210,1923547,38,0,18119,0,0,65,people tested,,,,,,,,,,50,51269183,528,43,14,9,35938,0,86,7,6,41,,12,83,1,
KOR,Asia,South Korea,2020-09-03,20842,198,252,331,2,2,407,4,5,6,0,0,1,,,,,,,,,21481,1945028,38,0,18213,0,0,72,people tested,,,,,,,,,,50,51269183,528,43,14,9,35938,0,86,7,6,41,,12,83,1,
KOR,Asia,South Korea,2020-09-04,21010,168,230,333,2,2,410,3,4,6,0,0,1,,,,,,,,,,,,,18285,0,0,80,people tested,,,,,,,,,,50,51269183,528,43,14,9,35938,0,86,7,6,41,,12,83,1,
KOR,Asia,South Korea,2020-09-05,21177,167,211,334,1,2,413,3,4,7,0,0,1,,,,,,,,,,1984968,39,,18526,0,0,88,people tested,,,,,,,,,,50,51269183,528,43,14,9,35938,0,86,7,6,41,,12,83,1,
KOR,Asia,South Korea,2020-09-06,21296,119,193,336,2,2,415,2,4,7,0,0,1,,,,,,,,,11346,1996314,39,0,18595,0,0,96,people tested,,,,,,,,,,50,51269183,528,43,14,9,35938,0,86,7,6,41,,12,83,1,8
KOR,Asia,South Korea,2020-09-07,21432,136,179,341,5,2,418,3,3,7,0,0,1,,,,,,,,,7874,2004188,39,0,17768,0,0,100,people tested,,,,,,,,,,50,51269183,528,43,14,9,35938,0,86,7,6,41,,12,83,1,
KOR,Asia,South Korea,2020-09-08,21588,156,163,344,3,3,421,3,3,7,0,0,1,,,,,,,,,18520,2022708,39,0,17196,0,0,106,people tested,,,,,,,,,,50,51269183,528,43,14,9,35938,0,86,7,6,41,,12,83,1,
KOR,Asia,South Korea,2020-09-09,21743,155,157,346,2,2,424,3,3,7,0,0,1,,,,,,,,,22993,2045701,40,0,17451,0,0,111,people tested,,,,,,,,,,50,51269183,528,43,14,9,35938,0,86,7,6,41,,12,83,1,
KOR,Asia,South Korea,2020-09-10,21919,176,154,350,4,3,428,3,3,7,0,0,1,,,,,,,,,20872,2066573,40,0,17364,0,0,113,people tested,,,,,,,,,,50,51269183,528,43,14,9,35938,0,86,7,6,41,,12,83,1,
KOR,Asia,South Korea,2020-09-11,22055,136,149,355,5,3,430,3,3,7,0,0,1,,,,,,,,,23215,2089788,41,0,17827,0,0,119,people tested,,,,,,,,,,50,51269183,528,43,14,9,35938,0,86,7,6,41,,12,83,1,
KOR,Asia,South Korea,2020-09-12,22176,121,143,358,3,3,433,2,3,7,0,0,1,,,,,,,,,17843,2107631,41,0,17523,0,0,123,people tested,,,,,,,,,,50,51269183,528,43,14,9,35938,0,86,7,6,41,,12,83,1,
KOR,Asia,South Korea,2020-09-13,22285,109,141,363,5,4,435,2,3,7,0,0,1,,,,,,,,,7934,2115565,41,0,17036,0,0,121,people tested,,,,,,,,,,50,51269183,528,43,14,9,35938,0,86,7,6,41,,12,83,1,8
KOR,Asia,South Korea,2020-09-14,22391,106,137,367,4,4,437,2,3,7,0,0,1,,,,,,,,,7961,2123526,41,0,17048,0,0,124,people tested,,,,,,,,,,50,51269183,528,43,14,9,35938,0,86,7,6,41,,12,83,1,
KOR,Asia,South Korea,2020-09-15,22504,113,131,367,0,3,439,2,3,7,0,0,1,,,,,,,,,13742,2137268,42,0,16366,0,0,125,people tested,,,,,,,,,,50,51269183,528,43,14,9,35938,0,86,7,6,41,,12,83,1,
KOR,Asia,South Korea,2020-09-16,22657,153,131,372,5,4,442,3,3,7,0,0,1,,,,,,,,,15722,2152990,42,0,15327,0,0,117,people tested,,,,,,,,,,50,51269183,528,43,14,9,35938,0,86,7,6,41,,12,83,1,
KOR,Asia,South Korea,2020-09-17,22783,126,123,377,5,4,444,2,2,7,0,0,1,,,,,,,,,13394,2166384,42,0,14259,0,0,116,people tested,,,,,,,,,,50,51269183,528,43,14,9,35938,0,86,7,6,41,,12,83,1,
KOR,Asia,South Korea,2020-09-18,22893,110,120,378,1,3,447,2,2,7,0,0,1,,,,,,,,,14578,2180962,43,0,13025,0,0,109,people tested,,,,,,,,,,50,51269183,528,43,14,9,35938,0,86,7,6,41,,12,83,1,
KOR,Asia,South Korea,2020-09-19,22975,82,114,383,5,4,448,2,2,7,0,0,1,,,,,,,,,13495,2194457,43,0,12404,0,0,109,people tested,,,,,,,,,,50,51269183,528,43,14,9,35938,0,86,7,6,41,,12,83,1,
KOR,Asia,South Korea,2020-09-20,23045,70,109,385,2,3,449,1,2,8,0,0,1,,,,,,,,,7970,2202427,43,0,12409,0,0,114,people tested,,,,,,,,,,50,51269183,528,43,14,9,35938,0,86,7,6,41,,12,83,1,10
KOR,Asia,South Korea,2020-09-21,23106,61,102,388,3,3,451,1,2,8,0,0,1,,,,,,,,,6626,2209053,43,0,12218,0,0,120,people tested,,,,,,,,,,49,51269183,528,43,14,9,35938,0,86,7,6,41,,12,83,1,
KOR,Asia,South Korea,2020-09-22,23216,110,102,388,0,3,453,2,2,8,0,0,1,,,,,,,,,12837,2221890,43,0,12089,0,0,119,people tested,,,,,,,,,,49,51269183,528,43,14,9,35938,0,86,7,6,41,,12,83,1,
KOR,Asia,South Korea,2020-09-23,23341,125,98,393,5,3,455,2,2,8,0,0,1,,,,,,,,,14482,2236372,44,0,11912,0,0,122,people tested,,,,,,,,,,49,51269183,528,43,14,9,35938,0,86,7,6,41,,12,83,1,
KOR,Asia,South Korea,2020-09-24,23455,114,96,395,2,3,457,2,2,8,0,0,1,,,,,,,,,11845,2248217,44,0,11690,0,0,122,people tested,,,,,,,,,,49,51269183,528,43,14,9,35938,0,86,7,6,41,,12,83,1,
KOR,Asia,South Korea,2020-09-25,23516,61,89,399,4,3,459,1,2,8,0,0,1,,,,,,,,,12484,2260701,44,0,11391,0,0,128,people tested,,,,,,,,,,49,51269183,528,43,14,9,35938,0,86,7,6,41,,12,83,1,
KOR,Asia,South Korea,2020-09-26,23611,95,91,401,2,3,461,2,2,8,0,0,1,,,,,,,,,11136,2271837,44,0,11054,0,0,122,people tested,,,,,,,,,,49,51269183,528,43,14,9,35938,0,86,7,6,41,,12,83,1,
KOR,Asia,South Korea,2020-09-27,23661,50,88,406,5,3,462,1,2,8,0,0,1,,,,,,,,,5802,2277639,44,0,10745,0,0,122,people tested,,,,,,,,,,49,51269183,528,43,14,9,35938,0,86,7,6,41,,12,83,1,8
KOR,Asia,South Korea,2020-09-28,23699,38,85,407,1,3,462,1,2,8,0,0,1,,,,,,,,,5077,2282716,45,0,10523,0,0,124,people tested,,,,,,,,,,60,51269183,528,43,14,9,35938,0,86,7,6,41,,12,83,1,
KOR,Asia,South Korea,2020-09-29,23812,113,85,413,6,4,464,2,2,8,0,0,1,,,,,,,,,10272,2292988,45,0,10157,0,0,119,people tested,,,,,,,,,,60,51269183,528,43,14,9,35938,0,86,7,6,41,,12,83,1,
KOR,Asia,South Korea,2020-09-30,23889,77,78,415,2,3,466,2,2,8,0,0,1,,,,,,,,,9415,2302403,45,0,9433,0,0,120,people tested,,,,,,,,,,60,51269183,528,43,14,9,35938,0,86,7,6,41,,12,83,1,
KOR,Asia,South Korea,2020-10-01,23952,63,71,416,1,3,467,1,1,8,0,0,1,,,,,,,,,6003,2308406,45,0,8598,0,0,121,people tested,,,,,,,,,,60,51269183,528,43,14,9,35938,0,86,7,6,41,,12,83,1,
KOR,Asia,South Korea,2020-10-02,24027,75,73,420,4,3,469,1,1,8,0,0,1,,,,,,,,,5376,2313782,45,0,7583,0,0,104,people tested,,,,,,,,,,60,51269183,528,43,14,9,35938,0,86,7,6,41,,12,83,1,
KOR,Asia,South Korea,2020-10-03,24091,64,69,421,1,3,470,1,1,8,0,0,1,,,,,,,,,4790,2318572,45,0,6676,0,0,97,people tested,,,,,,,,,,63,51269183,528,43,14,9,35938,0,86,7,6,41,,12,83,1,
KOR,Asia,South Korea,2020-10-04,24164,73,72,422,1,2,471,1,1,8,0,0,1,,,,,,,,,5657,2324229,45,0,6656,0,0,93,people tested,,,,,,,,,,60,51269183,528,43,14,9,35938,0,86,7,6,41,,12,83,1,6
KOR,Asia,South Korea,2020-10-05,24239,75,77,422,0,2,473,1,2,8,0,0,1,,,,,,,,,5702,2329931,45,0,6745,0,0,87,people tested,,,,,,,,,,66,51269183,528,43,14,9,35938,0,86,7,6,41,,12,83,1,
KOR,Asia,South Korea,2020-10-06,24353,114,77,425,3,2,475,2,2,8,0,0,1,,,,,,,,,12765,2342696,46,0,7101,0,0,92,people tested,,,,,,,,,,66,51269183,528,43,14,9,35938,0,86,7,6,41,,12,83,1,
KOR,Asia,South Korea,2020-10-07,24422,69,76,427,2,2,476,1,1,8,0,0,1,,,,,,,,,13239,2355935,46,0,7647,0,0,100,people tested,,,,,,,,,,66,51269183,528,43,14,9,35938,0,86,7,6,41,,12,83,1,
KOR,Asia,South Korea,2020-10-08,24476,54,75,428,1,2,477,1,1,8,0,0,1,,,,,,,,,11931,2367866,46,0,8494,0,0,114,people tested,,,,,,,,,,66,51269183,528,43,14,9,35938,0,86,7,6,41,,12,83,1,
KOR,Asia,South Korea,2020-10-09,24548,72,74,430,2,1,479,1,1,8,0,0,1,,,,,,,,,11668,2379534,46,0,9393,0,0,126,people tested,,,,,,,,,,60,51269183,528,43,14,9,35938,0,86,7,6,41,,12,83,1,
KOR,Asia,South Korea,2020-10-10,24606,58,74,432,2,2,480,1,1,8,0,0,1,,,,,,,,,6168,2385702,47,0,9590,0,0,130,people tested,,,,,,,,,,60,51269183,528,43,14,9,35938,0,86,7,6,41,,12,83,1,
KOR,Asia,South Korea,2020-10-11,24703,97,77,433,1,2,482,2,2,8,0,0,1,,,,,,,,,5478,2391180,47,0,9564,0,0,124,people tested,,,,,,,,,,60,51269183,528,43,14,9,35938,0,86,7,6,41,,12,83,1,10
KOR,Asia,South Korea,2020-10-12,24805,102,81,434,1,2,484,2,2,8,0,0,1,,,,,,,,,5238,2396418,47,0,9498,0,0,118,people tested,,,,,,,,,,57,51269183,528,43,14,9,35938,0,86,7,6,41,,12,83,1,
KOR,Asia,South Korea,2020-10-13,24889,84,77,438,4,2,485,2,1,9,0,0,1,,,,,,,,,12229,2408647,47,0,9422,0,0,123,people tested,,,,,,,,,,57,51269183,528,43,14,9,35938,0,86,7,6,41,,12,83,1,
KOR,Asia,South Korea,2020-10-14,24988,99,81,439,1,2,487,2,2,9,0,0,1,,,,,,,,,14411,2423058,47,0,9589,0,0,119,people tested,,,,,,,,,,57,51269183,528,43,14,9,35938,0,86,7,6,41,,12,83,1,
KOR,Asia,South Korea,2020-10-15,25035,47,80,441,2,2,488,1,2,9,0,0,1,,,,,,,,,9419,2432477,47,0,9230,0,0,116,people tested,,,,,,,,,,57,51269183,528,43,14,9,35938,0,86,7,6,41,,12,83,1,
KOR,Asia,South Korea,2020-10-16,25108,73,80,443,2,2,490,1,2,9,0,0,1,,,,,,,,,9594,2442071,48,0,8934,0,0,112,people tested,,,,,,,,,,57,51269183,528,43,14,9,35938,0,86,7,6,41,,12,83,1,
KOR,Asia,South Korea,2020-10-17,25199,91,85,444,1,2,492,2,2,9,0,0,1,,,,,,,,,9138,2451209,48,0,9358,0,0,110,people tested,,,,,,,,,,57,51269183,528,43,14,9,35938,0,86,7,6,41,,12,83,1,
KOR,Asia,South Korea,2020-10-18,25275,76,82,444,0,2,493,1,2,9,0,0,1,,,,,,,,,5539,2456748,48,0,9367,0,0,115,people tested,,,,,,,,,,57,51269183,528,43,14,9,35938,0,86,7,6,41,,12,83,1,6
KOR,Asia,South Korea,2020-10-19,25333,58,75,447,3,2,494,1,1,9,0,0,1,,,,,,,,,5715,2462463,48,0,9435,0,0,125,people tested,,,,,,,,,,57,51269183,528,43,14,9,35938,0,86,7,6,41,,12,83,1,
KOR,Asia,South Korea,2020-10-20,25424,91,76,450,3,2,496,2,1,9,0,0,1,,,,,,,,,9469,2471932,48,0,9041,0,0,118,people tested,,,,,,,,,,57,51269183,528,43,14,9,35938,0,86,7,6,41,,12,83,1,
KOR,Asia,South Korea,2020-10-21,25543,119,79,453,3,2,498,2,2,9,0,0,1,,,,,,,,,12066,2483998,48,0,8706,0,0,110,people tested,,,,,,,,,,57,51269183,528,43,14,9,35938,0,86,7,6,41,,12,83,1,
KOR,Asia,South Korea,2020-10-22,25698,155,95,455,2,2,501,3,2,9,0,0,1,,,,,,,,,11514,2495512,49,0,9005,0,0,95,people tested,,,,,,,,,,57,51269183,528,43,14,9,35938,0,86,7,6,41,,12,83,1,
KOR,Asia,South Korea,2020-10-23,25775,77,95,457,2,2,503,2,2,9,0,0,1,,,,,,,,,12679,2508191,49,0,9446,0,0,99,people tested,,,,,,,,,,57,51269183,528,43,14,9,35938,0,86,7,6,41,,12,83,1,
KOR,Asia,South Korea,2020-10-24,25836,61,91,457,0,2,504,1,2,9,0,0,1,,,,,,,,,10600,2518791,49,0,9655,0,0,106,people tested,,,,,,,,,,57,51269183,528,43,14,9,35938,0,86,7,6,41,,12,83,1,
KOR,Asia,South Korea,2020-10-25,25955,119,97,457,0,2,506,2,2,9,0,0,1,,,,,,,,,5673,2524464,49,0,9674,0,0,100,people tested,,,,,,,,,,51,51269183,528,43,14,9,35938,0,86,7,6,41,,12,83,1,9
KOR,Asia,South Korea,2020-10-26,26043,88,101,460,3,2,508,2,2,9,0,0,1,,,,,,,,,7037,2531501,49,0,9863,0,0,97,people tested,,,,,,,,,,51,51269183,528,43,14,9,35938,0,86,7,6,41,,12,83,1,
KOR,Asia,South Korea,2020-10-27,26146,103,103,461,1,2,510,2,2,9,0,0,1,,,,,,,,,13083,2544584,50,0,10379,0,0,101,people tested,,,,,,,,,,51,51269183,528,43,14,9,35938,0,86,7,6,41,,12,83,1,
KOR,Asia,South Korea,2020-10-28,26271,125,104,462,1,1,512,2,2,9,0,0,1,,,,,,,,,15472,2560056,50,0,10865,0,0,104,people tested,,,,,,,,,,51,51269183,528,43,14,9,35938,0,86,7,6,41,,12,83,1,
KOR,Asia,South Korea,2020-10-29,26385,114,98,463,1,1,515,2,2,9,0,0,1,,,,,,,,,11774,2571830,50,0,10903,0,0,111,people tested,,,,,,,,,,51,51269183,528,43,14,9,35938,0,86,7,6,41,,12,83,1,
KOR,Asia,South Korea,2020-10-30,26511,126,105,464,1,1,517,2,2,9,0,0,1,,,,,,,,,14028,2585858,50,0,11095,0,0,106,people tested,,,,,,,,,,51,51269183,528,43,14,9,35938,0,86,7,6,41,,12,83,1,
KOR,Asia,South Korea,2020-10-31,26635,124,114,466,2,1,520,2,2,9,0,0,1,,,,,,,,,12956,2598814,51,0,11432,0,0,100,people tested,,,,,,,,,,51,51269183,528,43,14,9,35938,0,86,7,6,41,,12,83,1,
KOR,Asia,South Korea,2020-11-01,26732,97,111,468,2,2,521,2,2,9,0,0,1,,,,,,,,,6978,2605792,51,0,11618,0,0,105,people tested,,,,,,,,,,51,51269183,528,43,14,9,35938,0,86,7,6,41,,12,83,1,9
KOR,Asia,South Korea,2020-11-02,26807,75,109,472,4,2,523,1,2,9,0,0,1,,,,,,,,,5334,2611126,51,0,11375,0,0,104,people tested,,,,,,,,,,51,51269183,528,43,14,9,35938,0,86,7,6,41,,12,83,1,
KOR,Asia,South Korea,2020-11-03,26925,118,111,474,2,2,525,2,2,9,0,0,1,,,,,,,,,12918,2624044,51,0,11351,0,0,102,people tested,,,,,,,,,,51,51269183,528,43,14,9,35938,0,86,7,6,41,,12,83,1,
KOR,Asia,South Korea,2020-11-04,27050,125,111,475,1,2,528,2,2,9,0,0,1,,,,,,,,,13961,2638005,51,0,11136,0,0,100,people tested,,,,,,,,,,51,51269183,528,43,14,9,35938,0,86,7,6,41,,12,83,1,
KOR,Asia,South Korea,2020-11-05,27195,145,116,476,1,2,530,3,2,9,0,0,1,,,,,,,,,10639,2648644,52,0,10973,0,0,95,people tested,,,,,,,,,,51,51269183,528,43,14,9,35938,0,86,7,6,41,,12,83,1,
KOR,Asia,South Korea,2020-11-06,27284,89,110,477,1,2,532,2,2,9,0,0,1,,,,,,,,,12041,2660685,52,0,10690,0,0,97,people tested,,,,,,,,,,51,51269183,528,43,14,9,35938,0,86,7,6,41,,12,83,1,
KOR,Asia,South Korea,2020-11-07,27427,143,113,478,1,2,535,3,2,9,0,0,1,,,,,,,,,10347,2671032,52,0,10317,0,0,91,people tested,,,,,,,,,,51,51269183,528,43,14,9,35938,0,86,7,6,41,,12,83,1,
KOR,Asia,South Korea,2020-11-08,27553,126,117,480,2,2,537,2,2,9,0,0,1,,,,,,,,,6200,2677232,52,0,10206,0,0,87,people tested,,,,,,,,,,51,51269183,528,43,14,9,35938,0,86,7,6,41,,12,83,1,8
KOR,Asia,South Korea,2020-11-09,27653,100,121,485,5,2,539,2,2,9,0,0,1,,,,,,,,,6165,2683397,52,0,10324,0,0,85,people tested,,,,,,,,,,51,51269183,528,43,14,9,35938,0,86,7,6,41,,12,83,1,
KOR,Asia,South Korea,2020-11-10,27799,146,125,487,2,2,542,3,2,9,0,0,1,,,,,,,,,12708,2696105,53,0,10294,0,0,82,people tested,,,,,,,,,,51,51269183,528,43,14,9,35938,0,86,7,6,41,,12,83,1,
KOR,Asia,South Korea,2020-11-11,27942,143,127,487,0,2,545,3,2,9,0,0,1,,,,,,,,,11741,2707846,53,0,9977,0,0,78,people tested,,,,,,,,,,51,51269183,528,43,14,9,35938,0,86,7,6,41,,12,83,1,
KOR,Asia,South Korea,2020-11-12,28133,191,134,488,1,2,549,4,3,10,0,0,1,,,,,,,,,12642,2720488,53,0,10263,0,0,77,people tested,,,,,,,,,,51,51269183,528,43,14,9,35938,0,86,7,6,41,,12,83,1,
KOR,Asia,South Korea,2020-11-13,28338,205,151,492,4,2,553,4,3,10,0,0,1,,,,,,,,,10804,2731292,53,0,10087,0,0,67,people tested,,,,,,,,,,51,51269183,528,43,14,9,35938,0,86,7,6,41,,12,83,1,
KOR,Asia,South Korea,2020-11-14,28546,208,160,493,1,2,557,4,3,10,0,0,2,,,,,,,,,11305,2742597,53,0,10224,0,0,64,people tested,,,,,,,,,,51,51269183,528,43,14,9,35938,0,86,7,6,41,,12,83,1,
KOR,Asia,South Korea,2020-11-15,28769,223,174,494,1,2,561,4,3,10,0,0,2,,,,,,,,,7903,2750500,54,0,10467,0,0,60,people tested,,,,,,,,,,51,51269183,528,43,14,9,35938,0,86,7,6,41,,12,83,1,8
KOR,Asia,South Korea,2020-11-16,28998,229,192,494,0,1,566,4,4,10,0,0,2,,,,,,,,,8877,2759377,54,0,10854,0,0,56,people tested,,,,,,,,,,51,51269183,528,43,14,9,35938,0,86,7,6,41,,12,83,1,
KOR,Asia,South Korea,2020-11-17,29311,313,216,496,2,1,572,6,4,10,0,0,2,,,,,,,,,15176,2774553,54,0,11207,0,0,52,people tested,,,,,,,,,,51,51269183,528,43,14,9,35938,0,86,7,6,41,,12,83,1,
KOR,Asia,South Korea,2020-11-18,29654,343,245,498,2,2,578,7,5,10,0,0,2,,,,,,,,,17121,2791674,54,0,11975,0,0,49,people tested,,,,,,,,,,51,51269183,528,43,14,9,35938,0,86,7,6,41,,12,83,1,
KOR,Asia,South Korea,2020-11-19,30017,363,269,501,3,2,585,7,5,10,0,0,2,,,,,,,,,16644,2808318,55,0,12547,0,0,47,people tested,,,,,,,,,,51,51269183,528,43,14,9,35938,0,86,7,6,41,,12,83,1,
KOR,Asia,South Korea,2020-11-20,30403,386,295,503,2,2,593,8,6,10,0,0,2,,,,,,,,,16982,2825300,55,0,13430,0,0,46,people tested,,,,,,,,,,51,51269183,528,43,14,9,35938,0,86,7,6,41,,12,83,1,
KOR,Asia,South Korea,2020-11-21,30733,330,312,505,2,2,599,6,6,10,0,0,1,,,,,,,,,20101,2845401,55,0,14686,0,0,47,people tested,,,,,,,,,,51,51269183,528,43,14,9,35938,0,86,7,6,41,,12,83,1,
KOR,Asia,South Korea,2020-11-22,31004,271,319,509,4,2,605,5,6,10,0,0,1,,,,,,,,,9460,2854861,56,0,14909,0,0,47,people tested,,,,,,,,,,51,51269183,528,43,14,9,35938,0,86,7,6,41,,12,83,1,7
KOR,Asia,South Korea,2020-11-23,31353,349,336,510,1,2,612,7,7,10,0,0,1,,,,,,,,,10819,2865680,56,0,15186,0,0,45,people tested,,,,,,,,,,57,51269183,528,43,14,9,35938,0,86,7,6,41,,12,83,1,
KOR,Asia,South Korea,2020-11-24,31735,382,346,513,3,2,619,7,7,10,0,0,1,,,,,,,,,22950,2888630,56,0,16297,0,0,47,people tested,,,,,,,,,,54,51269183,528,43,14,9,35938,0,86,7,6,41,,12,83,1,
KOR,Asia,South Korea,2020-11-25,32318,583,381,515,2,2,630,11,7,10,0,0,2,,,,,,,,,21937,2910567,57,0,16985,0,0,45,people tested,,,,,,,,,,54,51269183,528,43,14,9,35938,0,86,7,6,41,,12,83,1,
KOR,Asia,South Korea,2020-11-26,32887,569,410,516,1,2,641,11,8,10,0,0,1,,,,,,,,,22118,2932685,57,0,17767,0,0,43,people tested,,,,,,,,,,58,51269183,528,43,14,9,35938,0,86,7,6,41,,12,83,1,
KOR,Asia,South Korea,2020-11-27,33375,488,425,522,6,3,651,10,8,10,0,0,1,,,,,,,,,20255,2952940,58,0,18234,0,0,43,people tested,,,,,,,,,,58,51269183,528,43,14,9,35938,0,86,7,6,41,,12,83,1,
KOR,Asia,South Korea,2020-11-28,33824,449,442,523,1,3,660,9,9,10,0,0,1,,,,,,,,,20270,2973210,58,0,18258,0,0,41,people tested,,,,,,,,,,58,51269183,528,43,14,9,35938,0,86,7,6,41,,12,83,1,
KOR,Asia,South Korea,2020-11-29,34201,377,457,526,3,2,667,7,9,10,0,0,1,,,,,,,,,10932,2984142,58,0,18469,0,0,40,people tested,,,,,,,,,,58,51269183,528,43,14,9,35938,0,86,7,6,41,,12,83,1,3
KOR,Asia,South Korea,2020-11-30,34652,451,471,526,0,2,676,9,9,10,0,0,1,,,,,,,,,13665,2997807,58,0,18875,0,0,40,people tested,,,,,,,,,,58,51269183,528,43,14,9,35938,0,86,7,6,41,,12,83,1,
KOR,Asia,South Korea,2020-12-01,35163,511,490,526,0,2,686,10,10,10,0,0,1,,,,,,,,,21298,3019105,59,0,18639,0,0,38,people tested,,,,,,,,,,61,51269183,528,43,14,9,35938,0,86,7,6,41,,12,83,1,
KOR,Asia,South Korea,2020-12-02,35703,540,484,529,3,2,696,11,9,10,0,0,1,,,,,,,,,22711,3041816,59,0,18750,0,0,39,people tested,,,,,,,,,,61,51269183,528,43,14,9,35938,0,86,7,6,41,,12,83,1,
KOR,Asia,South Korea,2020-12-03,36332,629,492,536,7,3,709,12,10,10,0,0,1,,,,,,,,,24282,3066098,60,0,19059,0,0,39,people tested,,,,,,,,,,61,51269183,528,43,14,9,35938,0,86,7,6,41,,12,83,1,
KOR,Asia,South Korea,2020-12-04,36915,583,506,540,4,3,720,11,10,11,0,0,1,,,,,,,,,27295,3093393,60,1,20065,0,0,40,people tested,,,,,,,,,,61,51269183,528,43,14,9,35938,0,86,7,6,41,,12,83,1,
KOR,Asia,South Korea,2020-12-05,37546,631,532,545,5,3,732,12,10,11,0,0,1,,,,,,,,,20836,3114229,61,0,20146,0,0,38,people tested,,,,,,,,,,61,51269183,528,43,14,9,35938,0,86,7,6,41,,12,83,1,
KOR,Asia,South Korea,2020-12-06,38161,615,566,549,4,3,744,12,11,11,0,0,1,,,,,,,,,12922,3127151,61,0,20430,0,0,36,people tested,,,,,,,,,,61,51269183,528,43,14,9,35938,0,86,7,6,41,,12,83,1,9
KOR,Asia,South Korea,2020-12-07,38755,594,586,552,3,4,756,12,11,11,0,0,1,,,,,,,,,14215,3141366,61,0,20508,0,0,35,people tested,,,,,,,,,,61,51269183,528,43,14,9,35938,0,86,7,6,41,,12,83,1,
KOR,Asia,South Korea,2020-12-08,39432,677,610,556,4,4,769,13,12,11,0,0,1,,,,,,,,,8685,3150051,61,0,18707,0,0,31,people tested,,,,,,,,,,58,51269183,528,43,14,9,35938,0,86,7,6,41,,12,83,1,
KOR,Asia,South Korea,2020-12-09,40098,666,628,564,8,5,782,13,12,11,0,0,1,,,,,,,,,28105,3178156,62,1,19477,0,0,31,people tested,,,,,,,,,,58,51269183,528,43,14,9,35938,0,86,7,6,41,,12,83,1,
KOR,Asia,South Korea,2020-12-10,40786,688,636,572,8,5,796,13,12,11,0,0,1,,,,,,,,,27027,3205183,63,1,19869,0,0,31,people tested,,,,,,,,,,58,51269183,528,43,14,9,35938,0,86,7,6,41,,12,83,1,
KOR,Asia,South Korea,2020-12-11,41736,950,689,578,6,5,814,19,13,11,0,0,1,,,,,,,,,28342,3233525,63,1,20019,0,0,29,people tested,,,,,,,,,,58,51269183,528,43,14,9,35938,0,86,7,6,41,,12,83,1,
KOR,Asia,South Korea,2020-12-12,42766,1030,746,580,2,5,834,20,15,11,0,0,1,,,,,,,,,29597,3263122,64,1,21270,0,0,28,people tested,,,,,,,,,,58,51269183,528,43,14,9,35938,0,86,7,6,41,,12,83,1,
KOR,Asia,South Korea,2020-12-13,43484,718,760,587,7,5,848,14,15,11,0,0,1,,,,,,,,,21344,3284466,64,0,22474,0,0,30,people tested,,,,,,,,,,58,51269183,528,43,14,9,35938,0,86,7,6,41,,12,83,1,4
KOR,Asia,South Korea,2020-12-14,44364,880,801,600,13,7,865,17,16,12,0,0,1,,,,,,,,,23326,3307792,65,0,23775,0,0,30,people tested,,,,,,,,,,58,51269183,528,43,14,9,35938,0,86,7,6,41,,12,83,1,
KOR,Asia,South Korea,2020-12-15,45442,1078,859,612,12,8,886,21,17,12,0,0,1,,,,,,,,,,,,,28691,1,0,33,people tested,,,,,,,,,,58,51269183,528,43,14,9,35938,0,86,7,6,41,,12,83,1,
KOR,Asia,South Korea,2020-12-16,46453,1011,908,634,22,10,906,20,18,12,0,0,1,,,,,,,,,,3393985,66,,30833,1,0,34,people tested,,,,,,,,,,58,51269183,528,43,14,9,35938,0,86,7,6,41,,12,83,1,
KOR,Asia,South Korea,2020-12-17,47515,1062,961,645,11,10,927,21,19,13,0,0,1,,,,,,,,,45597,3439582,67,1,33486,1,0,35,people tested,,,,,,,,,,58,51269183,528,43,14,9,35938,0,86,7,6,41,,12,83,1,
KOR,Asia,South Korea,2020-12-18,48570,1055,976,659,14,12,947,21,19,13,0,0,1,,,,,,,,,39595,3479177,68,1,35093,1,0,36,people tested,,,,,,,,,,58,51269183,528,43,14,9,35938,0,86,7,6,41,,12,83,1,
KOR,Asia,South Korea,2020-12-19,49665,1095,986,674,15,13,969,21,19,13,0,0,1,,,,,,,,,40837,3520014,69,1,36699,1,0,37,people tested,,,,,,,,,,58,51269183,528,43,14,9,35938,0,86,7,6,41,,12,83,1,
KOR,Asia,South Korea,2020-12-20,50591,926,1015,698,24,16,987,18,20,14,0,0,1,,,,,,,,,23605,3543619,69,0,37022,1,0,36,people tested,,,,,,,,,,58,51269183,528,43,14,9,35938,0,86,7,6,41,,12,83,1,1
KOR,Asia,South Korea,2020-12-21,51460,869,1014,722,24,17,1004,17,20,14,0,0,1,,,,,,,,,23804,3567423,70,0,37090,1,0,37,people tested,,,,,,,,,,58,51269183,528,43,14,9,35938,0,86,7,6,41,,12,83,1,
KOR,Asia,South Korea,2020-12-22,52550,1090,1015,739,17,18,1025,21,20,14,0,0,1,,,,,,,,,53880,3621303,71,1,38631,1,0,38,people tested,,,,,,,,,,62,51269183,528,43,14,9,35938,0,86,7,6,41,,12,83,1,
KOR,Asia,South Korea,2020-12-23,53533,983,1011,756,17,17,1044,19,20,15,0,0,1,,,,,,,,,52159,3673462,72,1,39925,1,0,40,people tested,,,,,,,,,,67,51269183,528,43,14,9,35938,0,86,7,6,41,,12,83,1,
KOR,Asia,South Korea,2020-12-24,54770,1237,1036,773,17,18,1068,24,20,15,0,0,1,,,,,,,,,58215,3731677,73,1,41728,1,0,40,people tested,,,,,,,,,,69,51269183,528,43,14,9,35938,0,86,7,6,41,,12,83,1,
KOR,Asia,South Korea,2020-12-25,55902,1132,1047,793,20,19,1090,22,20,15,0,0,1,,,,,,,,,50891,3782568,74,1,43342,1,0,41,people tested,,,,,,,,,,69,51269183,528,43,14,9,35938,0,86,7,6,41,,12,83,1,
KOR,Asia,South Korea,2020-12-26,56872,970,1030,808,15,19,1109,19,20,16,0,0,1,,,,,,,,,29835,3812403,74,1,41770,1,0,41,people tested,,,,,,,,,,69,51269183,528,43,14,9,35938,0,86,7,6,41,,12,83,1,
KOR,Asia,South Korea,2020-12-27,57680,808,1013,819,11,17,1125,16,20,16,0,0,1,,,,,,,,,27033,3839436,75,1,42260,1,0,42,people tested,,,,,,,,,,69,51269183,528,43,14,9,35938,0,86,7,6,41,,12,83,1,4
KOR,Asia,South Korea,2020-12-28,58725,1045,1038,859,40,20,1145,20,20,17,1,0,1,,,,,,,,,28993,3868429,75,1,43001,1,0,41,people tested,,,,,,,,,,69,51269183,528,43,14,9,35938,0,86,7,6,41,,12,83,1,
KOR,Asia,South Korea,2020-12-29,59773,1048,1032,879,20,20,1166,20,20,17,0,0,1,,,,,,,,,58790,3927219,77,1,43702,1,0,42,people tested,,,,,,,,,,69,51269183,528,43,14,9,35938,0,86,7,6,41,,12,83,1,
KOR,Asia,South Korea,2020-12-30,60740,967,1030,900,21,21,1185,19,20,18,0,0,1,,,,,,,,,60532,3987751,78,1,44898,1,0,44,people tested,,,,,,,,,,69,51269183,528,43,14,9,35938,0,86,7,6,41,,12,83,1,
KOR,Asia,South Korea,2020-12-31,61769,1029,1000,917,17,21,1205,20,20,18,0,0,1,,,,,,,,,55791,4043542,79,1,44552,1,0,45,people tested,,,,,,,,,,69,51269183,528,43,14,9,35938,0,86,7,6,41,,12,83,1,
KOR,Asia,South Korea,2021-01-01,62593,824,956,942,25,21,1221,16,19,18,0,0,1,,,,,,,,,48849,4092391,80,1,44260,1,0,46,people tested,,,,,,,,,,66,51269183,528,43,14,9,35938,0,86,7,6,41,,12,83,1,
KOR,Asia,South Korea,2021-01-02,63244,651,910,962,20,22,1234,13,18,19,0,0,1,,,,,,,,,31021,4123412,80,1,44430,1,0,49,people tested,,,,,,,,,,68,51269183,528,43,14,9,35938,0,86,7,6,41,,12,83,1,
KOR,Asia,South Korea,2021-01-03,64264,1020,941,981,19,23,1253,20,18,19,0,0,1,,,,,,,,,30954,4154366,81,1,44990,1,0,48,people tested,,,,,,,,,,68,51269183,528,43,14,9,35938,0,86,7,6,41,,12,83,1,4
KOR,Asia,South Korea,2021-01-04,64979,715,893,1007,26,21,1267,14,17,20,1,0,1,,,,,,,,,31510,4185876,82,1,45350,1,0,51,people tested,,,,,,,,,,68,51269183,528,43,14,9,35938,0,86,7,6,41,,12,83,1,
KOR,Asia,South Korea,2021-01-05,65818,839,864,1027,20,21,1284,16,17,20,0,0,1,,,,,,,,,59734,4245610,83,1,45484,1,0,53,people tested,,,,,,,,,,68,51269183,528,43,14,9,35938,0,86,7,6,41,,12,83,1,
KOR,Asia,South Korea,2021-01-06,66686,868,849,1046,19,21,1301,17,17,20,0,0,1,,,,,,,,,67176,4312786,84,1,46434,1,0,55,people tested,,,,,,,,,,68,51269183,528,43,14,9,35938,0,86,7,6,41,,12,83,1,
KOR,Asia,South Korea,2021-01-07,67358,672,798,1081,35,23,1314,13,16,21,1,0,1,,,,,,,,,65261,4378047,85,1,47786,1,0,60,people tested,,,,,,,,,,64,51269183,528,43,14,9,35938,0,86,7,6,41,,12,83,1,
KOR,Asia,South Korea,2021-01-08,67999,641,772,1100,19,23,1326,13,15,21,0,0,1,,,,,,,,,61505,4439552,87,1,49594,1,0,64,people tested,,,,,,,,,,64,51269183,528,43,14,9,35938,0,86,7,6,41,,12,83,1,
KOR,Asia,South Korea,2021-01-09,68664,665,774,1125,25,23,1339,13,15,22,0,0,1,,,,,,,,,64141,4503693,88,1,54326,1,0,70,people tested,,,,,,,,,,64,51269183,528,43,14,9,35938,0,86,7,6,41,,12,83,1,
KOR,Asia,South Korea,2021-01-10,69114,450,693,1140,15,23,1348,9,14,22,0,0,1,,,,,,,,,28317,4532010,88,1,53949,1,0,78,people tested,,,,,,,,,,64,51269183,528,43,14,9,35938,0,86,7,6,41,,12,83,1,1
KOR,Asia,South Korea,2021-01-11,69651,537,667,1165,25,23,1359,10,13,23,0,0,1,,,,,,,,,29912,4561922,89,1,53721,1,0,80,people tested,,,,,,,,,,64,51269183,528,43,14,9,35938,0,86,7,6,41,,12,83,1,
KOR,Asia,South Korea,2021-01-12,70212,561,628,1185,20,23,1369,11,12,23,0,0,1,,,,,,,,,65393,4627315,90,1,54529,1,0,87,people tested,,,,,,,,,,64,51269183,528,43,14,9,35938,0,86,7,6,41,,12,83,1,
KOR,Asia,South Korea,2021-01-13,70728,516,577,1195,10,21,1380,10,11,23,0,0,1,,,,,,,,,62083,4689398,91,1,53802,1,0,93,people tested,,,,,,,,,,64,51269183,528,43,14,9,35938,0,86,7,6,41,,12,83,1,
KOR,Asia,South Korea,2021-01-14,71241,513,555,1217,22,19,1390,10,11,24,0,0,1,,,,,,,,,66219,4755617,93,1,53939,1,0,97,people tested,,,,,,,,,,64,51269183,528,43,14,9,35938,0,86,7,6,41,,12,83,1,
KOR,Asia,South Korea,2021-01-15,71820,579,546,1236,19,19,1401,11,11,24,0,0,1,,,,,,,,,60135,4815752,94,1,53743,1,0,98,people tested,,,,,,,,,,64,51269183,528,43,14,9,35938,0,86,7,6,41,,12,83,1,
KOR,Asia,South Korea,2021-01-16,72340,520,525,1249,13,18,1411,10,10,24,0,0,1,,,,,,,,,60879,4876631,95,1,53277,1,0,102,people tested,,,,,,,,,,64,51269183,528,43,14,9,35938,0,86,7,6,41,,12,83,1,
KOR,Asia,South Korea,2021-01-17,72729,389,516,1264,15,18,1419,8,10,25,0,0,1,,,,,,,,,25274,4901905,96,0,52842,1,0,102,people tested,,,,,,,,,,64,51269183,528,43,14,9,35938,0,86,7,6,41,,12,83,1,3
KOR,Asia,South Korea,2021-01-18,73115,386,495,1283,19,17,1426,8,10,25,0,0,1,,,,,,,,,27280,4929185,96,1,52466,1,0,106,people tested,,,,,,,,,,64,51269183,528,43,14,9,35938,0,86,7,6,41,,12,83,1,
KOR,Asia,South Korea,2021-01-19,73518,403,472,1300,17,16,1434,8,9,25,0,0,1,,,,,,,,,56796,4985981,97,1,51238,1,0,108,people tested,,,,,,,,,,64,51269183,528,43,14,9,35938,0,86,7,6,41,,12,83,1,
KOR,Asia,South Korea,2021-01-20,73918,400,456,1316,16,17,1442,8,9,26,0,0,1,,,,,,,,,58007,5043988,98,1,50656,1,0,111,people tested,,,,,,,,,,64,51269183,528,43,14,9,35938,0,86,7,6,41,,12,83,1,
KOR,Asia,South Korea,2021-01-21,74262,344,432,1328,12,16,1448,7,8,26,0,0,1,,,,,,,,,52550,5096538,99,1,48703,1,0,113,people tested,,,,,,,,,,64,51269183,528,43,14,9,35938,0,86,7,6,41,,12,83,1,
KOR,Asia,South Korea,2021-01-22,74692,430,410,1337,9,14,1457,8,8,26,0,0,1,,,,,,,,,52554,5149092,100,1,47620,1,0,116,people tested,,,,,,,,,,64,51269183,528,43,14,9,35938,0,86,7,6,41,,12,83,1,
KOR,Asia,South Korea,2021-01-23,75084,392,392,1349,12,14,1465,8,8,26,0,0,1,,,,,,,,,43986,5193078,101,1,45207,1,0,115,people tested,,,,,,,,,,64,51269183,528,43,14,9,35938,0,86,7,6,41,,12,83,1,
KOR,Asia,South Korea,2021-01-24,75521,437,399,1360,11,14,1473,9,8,27,0,0,1,,,,,,,,,25506,5218584,102,0,45240,1,0,113,people tested,,,,,,,,,,64,51269183,528,43,14,9,35938,0,86,7,6,41,,12,83,1,1
KOR,Asia,South Korea,2021-01-25,75875,354,394,1371,11,13,1480,7,8,27,0,0,1,,,,,,,,,22953,5241537,102,0,44622,1,0,113,people tested,,,,,,,,,,64,51269183,528,43,14,9,35938,0,86,7,6,41,,12,83,1,
KOR,Asia,South Korea,2021-01-26,76429,554,416,1378,7,11,1491,11,8,27,0,0,1,,,,,,,,,42607,5284144,103,1,42595,1,0,102,people tested,,,,,,,,,,64,51269183,528,43,14,9,35938,0,86,7,6,41,,12,83,1,
KOR,Asia,South Korea,2021-01-27,76926,497,430,1386,8,10,1500,10,8,27,0,0,1,,,,,,,,,46676,5330820,104,1,40976,1,0,95,people tested,,,,,,,,,,64,51269183,528,43,14,9,35938,0,86,7,6,41,,12,83,1,
KOR,Asia,South Korea,2021-01-28,77395,469,448,1399,13,10,1510,9,9,27,0,0,1,,,,,,,,,51945,5382765,105,1,40890,1,0,91,people tested,,,,,,,,,,64,51269183,528,43,14,9,35938,0,86,7,6,41,,12,83,1,
KOR,Asia,South Korea,2021-01-29,77850,455,451,1414,15,11,1518,9,9,28,0,0,1,,,,,,,,,43746,5426511,106,1,39631,1,0,88,people tested,,,,,,,,,,64,51269183,528,43,14,9,35938,0,86,7,6,41,,12,83,1,
KOR,Asia,South Korea,2021-01-30,78205,355,446,1420,6,10,1525,7,9,28,0,0,1,,,,,,,,,44224,5470735,107,1,39665,1,0,89,people tested,,,,,,,,,,64,51269183,528,43,14,9,35938,0,86,7,6,41,,12,83,1,
KOR,Asia,South Korea,2021-01-31,78508,303,427,1425,5,9,1531,6,8,28,0,0,1,,,,,,,,,20535,5491270,107,0,38955,1,0,91,people tested,,,,,,,,,,64,51269183,528,43,14,9,35938,0,86,7,6,41,,12,83,1,-4
KOR,Asia,South Korea,2021-02-01,78844,336,424,1435,10,9,1538,7,8,28,0,0,1,,,,,,,,,21116,5512386,108,0,38693,1,0,91,people tested,,,,,,,,,,64,51269183,528,43,14,9,35938,0,86,7,6,41,,12,83,1,
KOR,Asia,South Korea,2021-02-02,79311,467,412,1441,6,9,1547,9,8,28,0,0,1,,,,,,,,,44762,5557148,108,1,39001,1,0,95,people tested,,,,,,,,,,64,51269183,528,43,14,9,35938,0,86,7,6,41,,12,83,1,
KOR,Asia,South Korea,2021-02-03,79762,451,405,1448,7,9,1556,9,8,28,0,0,1,,,,,,,,,60717,5617865,110,1,41006,1,0,101,people tested,,,,,,,,,,64,51269183,528,43,14,9,35938,0,86,7,6,41,,12,83,1,
KOR,Asia,South Korea,2021-02-04,80131,369,391,1459,11,9,1563,7,8,28,0,0,1,,,,,,,,,64692,5682557,111,1,42827,1,0,110,people tested,,,,,,,,,,64,51269183,528,43,14,9,35938,0,86,7,6,41,,12,83,1,
KOR,Asia,South Korea,2021-02-05,80524,393,382,1464,5,7,1571,8,7,29,0,0,1,,,,,,,,,57164,5739721,112,1,44744,1,0,117,people tested,,,,,,,,,,64,51269183,528,43,14,9,35938,0,86,7,6,41,,12,83,1,
KOR,Asia,South Korea,2021-02-06,80896,372,384,1471,7,7,1578,7,7,29,0,0,1,,,,,,,,,,,,,43838,1,0,114,people tested,,,,,,,,,,64,51269183,528,43,14,9,35938,0,86,7,6,41,,12,83,1,
KOR,Asia,South Korea,2021-02-07,81185,289,382,1474,3,7,1584,6,7,29,0,0,1,,,,,,,,,,,,,46315,1,0,121,people tested,,,,,,,,,,64,51269183,528,43,14,9,35938,0,86,7,6,41,,12,83,1,0
KOR,Asia,South Korea,2021-02-08,81487,302,378,1482,8,7,1589,6,7,29,0,0,1,,,,,,,,,,5853354,114,,48710,1,0,129,people tested,,,,,,,,,,64,51269183,528,43,14,9,35938,0,86,7,6,41,,12,83,1,
KOR,Asia,South Korea,2021-02-09,81930,443,374,1486,4,6,1598,9,7,29,0,0,1,,,,,,,,,,,,,48746,1,0,130,people tested,,,,,,,,,,64,51269183,528,43,14,9,35938,0,86,7,6,41,,12,83,1,
KOR,Asia,South Korea,2021-02-10,82434,504,382,1496,10,7,1608,10,7,29,0,0,1,,,,,,,,,,,,,46502,1,0,122,people tested,,,,,,,,,,64,51269183,528,43,14,9,35938,0,86,7,6,41,,12,83,1,
KOR,Asia,South Korea,2021-02-11,82837,403,387,1507,11,7,1616,8,8,29,0,0,1,,,,,,,,,,5988394,117,,43691,1,0,113,people tested,,,,,,,,,,64,51269183,528,43,14,9,35938,0,86,7,6,41,,12,83,1,
KOR,Asia,South Korea,2021-02-12,83199,362,382,1514,7,7,1623,7,7,30,0,0,1,,,,,,,,,24114,6012508,117,0,38970,1,0,102,people tested,,,,,,,,,,64,51269183,528,43,14,9,35938,0,86,7,6,41,,12,83,1,
KOR,Asia,South Korea,2021-02-13,83525,326,376,1522,8,7,1629,6,7,30,0,0,1,,,,,,,,,,,,,37085,1,0,99,people tested,,,,,,,,,,64,51269183,528,43,14,9,35938,0,86,7,6,41,,12,83,1,
KOR,Asia,South Korea,2021-02-14,83869,344,383,1527,5,8,1636,7,7,30,0,0,1,,,,,,,,,,6061886,118,,35201,1,0,92,people tested,,,,,,,,,,64,51269183,528,43,14,9,35938,0,86,7,6,41,,12,83,1,-2
KOR,Asia,South Korea,2021-02-15,84325,456,405,1534,7,7,1645,9,8,30,0,0,1,,,,,,,,,20828,6082714,119,0,32766,1,0,81,people tested,,,,,,,,,,64,51269183,528,43,14,9,35938,0,86,7,6,41,,12,83,1,
KOR,Asia,South Korea,2021-02-16,84946,621,431,1538,4,7,1657,12,8,30,0,0,1,,,,,,,,,53879,6136593,120,1,34032,1,0,79,people tested,,,,,,,,,,64,51269183,528,43,14,9,35938,0,86,7,6,41,,12,83,1,
KOR,Asia,South Korea,2021-02-17,85567,621,448,1544,6,7,1669,12,9,30,0,0,1,,,,,,,,,51564,6188157,121,1,34968,1,0,78,people tested,,,,,,,,,,64,51269183,528,43,14,9,35938,0,86,7,6,41,,12,83,1,
KOR,Asia,South Korea,2021-02-18,86128,561,470,1550,6,6,1680,11,9,30,0,0,1,,,,,,,,,44337,6232494,122,1,34871,1,0,74,people tested,,,,,,,,,,64,51269183,528,43,14,9,35938,0,86,7,6,41,,12,83,1,
KOR,Asia,South Korea,2021-02-19,86574,446,482,1553,3,6,1689,9,9,30,0,0,1,,,,,,,,,42382,6274876,122,1,37481,1,0,78,people tested,,,,,,,,,,64,51269183,528,43,14,9,35938,0,86,7,6,41,,12,83,1,
KOR,Asia,South Korea,2021-02-20,86992,418,495,1557,4,5,1697,8,10,30,0,0,1,,,,,,,,,39618,6314494,123,1,39614,1,0,80,people tested,,,,,,,,,,64,51269183,528,43,14,9,35938,0,86,7,6,41,,12,83,1,
KOR,Asia,South Korea,2021-02-21,87324,332,494,1562,5,5,1703,6,10,30,0,0,1,,,,,,,,,23490,6337984,124,0,39443,1,0,80,people tested,,,,,,,,,,64,51269183,528,43,14,9,35938,0,86,7,6,41,,12,83,1,3
KOR,Asia,South Korea,2021-02-22,87681,357,479,1573,11,6,1710,7,9,31,0,0,1,,,,,,,,,18699,6356683,124,0,39138,1,0,82,people tested,,,,,,,,,,64,51269183,528,43,14,9,35938,0,86,7,6,41,,12,83,1,
KOR,Asia,South Korea,2021-02-23,88120,439,453,1576,3,5,1719,9,9,31,0,0,1,,,,,,,,,41931,6398614,125,1,37432,1,0,83,people tested,,,,,,,,,,64,51269183,528,43,14,9,35938,0,86,7,6,41,,12,83,1,
KOR,Asia,South Korea,2021-02-24,88516,396,421,1581,5,5,1726,8,8,31,0,0,1,,,,,,,,,37386,6436000,126,1,35406,1,0,84,people tested,,,,,,,,,,64,51269183,528,43,14,9,35938,0,86,7,6,41,,12,83,1,
KOR,Asia,South Korea,2021-02-25,88922,406,399,1585,4,5,1734,8,8,31,0,0,1,,,,,,,,,46542,6482542,126,1,35721,1,0,90,people tested,,,,,,,,,,64,51269183,528,43,14,9,35938,0,86,7,6,41,,12,83,1,
KOR,Asia,South Korea,2021-02-26,89321,399,392,1595,10,6,1742,8,8,31,0,0,1,,,,,,,,,38582,6521124,127,1,35178,1,0,90,people tested,20308,20308,,,,0,0,,,64,51269183,528,43,14,9,35938,0,86,7,6,41,,12,83,1,
KOR,Asia,South Korea,2021-02-27,89676,355,383,1603,8,7,1749,7,7,31,0,0,1,,,,,,,,,37102,6558226,128,1,34819,1,0,91,people tested,21732,21732,,1424,1424,0,0,,28,64,51269183,528,43,14,9,35938,0,86,7,6,41,,12,83,1,
KOR,Asia,South Korea,2021-02-28,90031,355,387,1605,2,6,1756,7,8,31,0,0,1,,,,,,,,,17891,6576117,128,0,34019,1,0,88,people tested,22596,22596,,864,1144,0,0,,22,64,51269183,528,43,14,9,35938,0,86,7,6,41,,12,83,1,-1
KOR,Asia,South Korea,2021-03-01,90372,341,384,1606,1,5,1763,7,7,31,0,0,1,,,,,,,,,15893,6592010,129,0,33618,1,0,87,people tested,24072,24072,,1476,1255,0,0,,24,58,51269183,528,43,14,9,35938,0,86,7,6,41,,12,83,1,
KOR,Asia,South Korea,2021-03-02,90816,444,385,1612,6,5,1771,9,8,31,0,0,1,,,,,,,,,16534,6608544,129,0,29990,1,0,78,people tested,90485,90485,,66413,17544,0,0,,342,58,51269183,528,43,14,9,35938,0,86,7,6,41,,12,83,1,
KOR,Asia,South Korea,2021-03-03,91240,424,389,1619,7,5,1780,8,8,32,0,0,1,,,,,,,,,41792,6650336,130,1,30619,1,0,79,people tested,159922,159922,,69437,27923,0,0,,545,58,51269183,528,43,14,9,35938,0,86,7,6,41,,12,83,1,
KOR,Asia,South Korea,2021-03-04,91638,398,388,1627,8,6,1787,8,8,32,0,0,1,,,,,,,,,41475,6691811,131,1,29896,1,0,77,people tested,230261,230261,,70339,34992,0,0,,683,58,51269183,528,43,14,9,35938,0,86,7,6,41,,12,83,1,
KOR,Asia,South Korea,2021-03-05,92055,417,391,1632,5,5,1796,8,8,32,0,0,1,,,,,,,,,33493,6725304,131,1,29169,1,0,75,people tested,300715,300715,,70454,40058,1,1,,781,58,51269183,528,43,14,9,35938,0,86,7,6,41,,12,83,1,
KOR,Asia,South Korea,2021-03-06,92471,416,399,1634,2,4,1804,8,8,32,0,0,1,,,,,,,,,31468,6756772,132,1,28364,1,0,71,people tested,318723,318723,,18008,42427,1,1,,828,58,51269183,528,43,14,9,35938,0,86,7,6,41,,12,83,1,
KOR,Asia,South Korea,2021-03-07,92817,346,398,1642,8,5,1810,7,8,32,0,0,1,,,,,,,,,19958,6776730,132,0,28659,1,0,72,people tested,320798,320798,,2075,42600,1,1,,831,58,51269183,528,43,14,9,35938,0,86,7,6,41,,12,83,1,0
KOR,Asia,South Korea,2021-03-08,93263,446,413,1645,3,6,1819,9,8,32,0,0,1,,,,,,,,,17685,6794415,133,0,28915,1,0,70,people tested,388227,388227,,67429,52022,1,1,,1015,58,51269183,528,43,14,9,35938,0,86,7,6,41,,12,83,1,
KOR,Asia,South Korea,2021-03-09,93733,470,417,1648,3,5,1828,9,8,32,0,0,1,,,,,,,,,,,,,31893,1,0,76,people tested,451599,451599,,63372,51588,1,1,,1006,58,51269183,528,43,14,9,35938,0,86,7,6,41,,12,83,1,
KOR,Asia,South Korea,2021-03-10,94198,465,423,1652,4,5,1837,9,8,32,0,0,1,,,,,,,,,,,,,31262,1,0,74,people tested,505614,505614,,54015,49385,1,1,,963,58,51269183,528,43,14,9,35938,0,86,7,6,41,,12,83,1,
KOR,Asia,South Korea,2021-03-11,94686,488,435,1662,10,5,1847,10,8,32,0,0,1,,,,,,,,,,,,,30677,1,0,70,people tested,550057,550057,,44443,45685,1,1,,891,58,51269183,528,43,14,9,35938,0,86,7,6,41,,12,83,1,
KOR,Asia,South Korea,2021-03-12,95176,490,446,1667,5,5,1856,10,9,33,0,0,1,,,,,,,,,,6943926,135,,31232,1,0,70,people tested,588147,588147,,38090,41062,1,1,,801,58,51269183,528,43,14,9,35938,0,86,7,6,41,,12,83,1,
KOR,Asia,South Korea,2021-03-13,95635,459,452,1669,2,5,1865,9,9,33,0,0,1,,,,,,,,,,,,,30042,1,0,66,people tested,591982,591982,,3835,39037,1,1,,761,58,51269183,528,43,14,9,35938,0,86,7,6,41,,12,83,1,
KOR,Asia,South Korea,2021-03-14,96017,382,457,1675,6,5,1873,7,9,33,0,0,1,,,,,,,,,,,,,30497,1,0,67,people tested,593152,593152,,1170,38908,1,1,,759,58,51269183,528,43,14,9,35938,0,86,7,6,41,,12,83,1,4
KOR,Asia,South Korea,2021-03-15,96380,363,445,1678,3,5,1880,7,9,33,0,0,1,,,,,,,,,,7013350,137,,31276,1,0,70,people tested,605603,605603,,12451,31054,1,1,,606,58,51269183,528,43,14,9,35938,0,86,7,6,41,,12,83,1,
KOR,Asia,South Korea,2021-03-16,96849,469,445,1686,8,5,1889,9,9,33,0,0,1,,,,,,,,,,,,,31767,1,0,71,people tested,624431,624431,,18828,24690,1,1,,482,58,51269183,528,43,14,9,35938,0,86,7,6,41,,12,83,1,
KOR,Asia,South Korea,2021-03-17,97294,445,442,1688,2,5,1898,9,9,33,0,0,1,,,,,,,,,,,,,32258,1,0,73,people tested,644216,644216,,19785,19800,1,1,,386,58,51269183,528,43,14,9,35938,0,86,7,6,41,,12,83,1,
KOR,Asia,South Korea,2021-03-18,97757,463,439,1690,2,4,1907,9,9,33,0,0,1,,,,,,,,,,,,,32748,1,0,75,people tested,663498,663498,,19282,16206,1,1,,316,58,51269183,528,43,14,9,35938,0,86,7,6,41,,12,83,1,
KOR,Asia,South Korea,2021-03-19,98209,452,433,1693,3,4,1916,9,8,33,0,0,1,,,,,,,,,,7176600,140,,33239,1,0,77,people tested,680301,680301,,16803,13165,1,1,,257,58,51269183,528,43,14,9,35938,0,86,7,6,41,,12,83,1,
KOR,Asia,South Korea,2021-03-20,98665,456,433,1696,3,4,1924,9,8,33,0,0,1,,,,,,,,,,,,,33563,1,0,78,people tested,681849,681536,313,1548,12838,1,1,0,250,58,51269183,528,43,14,9,35938,0,86,7,6,41,,12,83,1,
KOR,Asia,South Korea,2021-03-21,99075,410,437,1697,1,3,1932,8,9,33,0,0,1,,,,,,,,,,,,,33888,1,0,78,people tested,682129,681536,593,280,12711,1,1,0,248,58,51269183,528,43,14,9,35938,0,86,7,6,41,,12,83,1,4
KOR,Asia,South Korea,2021-03-22,99421,346,434,1704,7,4,1939,7,8,33,0,0,1,,,,,,,,,,7252832,141,,34212,1,0,79,people tested,686089,685206,883,3960,11498,1,1,0,224,58,51269183,528,43,14,9,35938,0,86,7,6,41,,12,83,1,
KOR,Asia,South Korea,2021-03-23,99846,425,428,1707,3,3,1947,8,8,33,0,0,1,,,,,,,,,47986,7300818,142,1,35236,1,0,82,people tested,708466,706968,1498,22377,12005,1,1,0,234,58,51269183,528,43,14,9,35938,0,86,7,6,41,,12,83,1,
KOR,Asia,South Korea,2021-03-24,100276,430,426,1709,2,3,1956,8,8,33,0,0,1,,,,,,,,,,,,,36410,1,0,86,people tested,740167,737475,2692,31701,13707,1,1,0,267,58,51269183,528,43,14,9,35938,0,86,7,6,41,,12,83,1,
KOR,Asia,South Korea,2021-03-25,100770,494,430,1716,7,4,1966,10,8,33,0,0,1,,,,,,,,,,7398876,144,,37584,1,0,87,people tested,775713,771879,3834,35546,16031,2,2,0,313,58,51269183,528,43,14,9,35938,0,86,7,6,41,,12,83,1,
KOR,Asia,South Korea,2021-03-26,101275,505,438,1721,5,4,1975,10,9,34,0,0,1,,,,,,,,,53118,7451994,145,1,39342,1,0,90,people tested,801878,796645,5233,26165,17368,2,2,0,339,58,51269183,528,43,14,9,35938,0,86,7,6,41,,12,83,1,
KOR,Asia,South Korea,2021-03-27,101757,482,442,1722,1,4,1985,9,9,34,0,0,1,,,,,,,,,45400,7497394,146,1,42198,1,0,96,people tested,803159,797926,5233,1281,17330,2,2,0,338,58,51269183,528,43,14,9,35938,0,86,7,6,41,,12,83,1,
KOR,Asia,South Korea,2021-03-28,102141,384,438,1726,4,4,1992,7,9,34,0,0,1,,,,,,,,,19597,7516991,147,0,41367,1,0,94,people tested,803204,797971,5233,45,17296,2,2,0,337,58,51269183,528,43,14,9,35938,0,86,7,6,41,,12,83,1,4
KOR,Asia,South Korea,2021-03-29,102582,441,452,1729,3,4,2001,9,9,34,0,0,1,,,,,,,,,20402,7537393,147,0,40652,1,0,90,people tested,832044,825892,6152,28840,20851,2,2,0,407,58,51269183,528,43,14,9,35938,0,86,7,6,41,,12,83,1,
KOR,Asia,South Korea,2021-03-30,103088,506,463,1731,2,3,2011,10,9,34,0,0,1,,,,,,,,,48182,7585575,148,1,40680,1,0,88,people tested,864042,855854,8188,31998,22225,2,2,0,433,58,51269183,528,43,14,9,35938,0,86,7,6,41,,12,83,1,
KOR,Asia,South Korea,2021-03-31,103639,551,480,1735,4,4,2021,11,9,34,0,0,1,,,,,,,,,50923,7636498,149,1,40950,1,0,85,people tested,892933,879956,12977,28891,21824,2,2,0,426,58,51269183,528,43,14,9,35938,0,86,7,6,41,,12,83,1,
KOR,Asia,South Korea,2021-04-01,104194,555,489,1737,2,3,2032,11,10,34,0,0,1,,,,,,,,,42146,7678644,150,1,39967,1,0,82,people tested,937745,917501,20244,44812,23147,2,2,0,451,58,51269183,528,43,14,9,35938,0,86,7,6,41,,12,83,1,
KOR,Asia,South Korea,2021-04-02,104736,542,494,1740,3,3,2043,11,10,34,0,0,1,,,,,,,,,38899,7717543,151,1,37936,1,0,77,people tested,983823,956983,26840,46078,25992,2,2,0,507,58,51269183,528,43,14,9,35938,0,86,7,6,41,,12,83,1,
KOR,Asia,South Korea,2021-04-03,105279,543,503,1744,4,3,2053,11,10,34,0,0,1,,,,,,,,,36770,7754313,151,1,36703,1,0,73,people tested,992951,965567,27384,9128,27113,2,2,0,529,58,51269183,528,43,14,9,35938,0,86,7,6,41,,12,83,1,
KOR,Asia,South Korea,2021-04-04,105752,473,516,1748,4,3,2063,9,10,34,0,0,1,,,,,,,,,15364,7769677,152,0,36098,1,0,70,people tested,993647,966197,27450,696,27206,2,2,0,531,58,51269183,528,43,14,9,35938,0,86,7,6,41,,12,83,1,4
KOR,Asia,South Korea,2021-04-05,106230,478,521,1752,4,3,2072,9,10,34,0,0,1,,,,,,,,,18646,7788323,152,0,35847,1,0,69,people tested,1030864,1003097,27767,37217,28403,2,2,0,554,58,51269183,528,43,14,9,35938,0,86,7,6,41,,12,83,1,
KOR,Asia,South Korea,2021-04-06,106898,668,544,1756,4,4,2085,13,11,34,0,0,1,,,,,,,,,53812,7842135,153,1,36651,1,0,67,people tested,1075467,1041957,33510,44603,30204,2,2,0,589,58,51269183,528,43,14,9,35938,0,86,7,6,41,,12,83,1,
KOR,Asia,South Korea,2021-04-07,107598,700,566,1758,2,3,2099,14,11,34,0,0,1,,,,,,,,,49390,7891525,154,1,36432,1,0,64,people tested,1122362,1079611,42751,46895,32776,2,2,0,639,58,51269183,528,43,14,9,35938,0,86,7,6,41,,12,83,1,
KOR,Asia,South Korea,2021-04-08,108269,671,582,1764,6,4,2112,13,11,34,0,0,1,,,,,,,,,42902,7934427,155,1,36540,1,0,63,people tested,1169024,1116774,52250,46662,33040,2,2,0,644,58,51269183,528,43,14,9,35938,0,86,7,6,41,,12,83,1,
KOR,Asia,South Korea,2021-04-09,108945,676,601,1765,1,4,2125,13,12,34,0,0,1,,,,,,,,,42774,7977201,156,1,37094,1,0,62,people tested,1209957,1150421,59536,40933,32305,2,2,0,630,58,51269183,528,43,14,9,35938,0,86,7,6,41,,12,83,1,
KOR,Asia,South Korea,2021-04-10,109559,614,611,1768,3,3,2137,12,12,34,0,0,1,,,,,,,,,39415,8016616,156,1,37472,1,0,61,people tested,1219844,1159219,60625,9887,32413,2,2,0,632,58,51269183,528,43,14,9,35938,0,86,7,6,41,,12,83,1,
KOR,Asia,South Korea,2021-04-11,110146,587,628,1770,2,3,2148,11,12,35,0,0,1,,,,,,,,,21007,8037623,157,0,38278,1,0,61,people tested,1220149,1159524,60625,305,32357,2,2,0,631,58,51269183,528,43,14,9,35938,0,86,7,6,41,,12,83,1,2
KOR,Asia,South Korea,2021-04-12,110688,542,637,1775,5,3,2159,11,12,35,0,0,1,,,,,,,,,19912,8057535,157,0,38459,1,0,60,people tested,1258488,1197838,60650,38339,32518,2,2,0,634,58,51269183,528,43,14,9,35938,0,86,7,6,41,,12,83,1,
KOR,Asia,South Korea,2021-04-13,111419,731,646,1782,7,4,2173,14,13,35,0,0,1,,,,,,,,,57400,8114935,158,1,38971,1,0,60,people tested,1302887,1242233,60654,44399,32489,3,2,0,634,58,51269183,528,43,14,9,35938,0,86,7,6,41,,12,83,1,
KOR,Asia,South Korea,2021-04-14,112117,698,646,1788,6,4,2187,14,13,35,0,0,1,,,,,,,,,55826,8170761,159,1,39891,1,0,62,people tested,1349456,1288799,60657,46569,32442,3,3,0,633,58,51269183,528,43,14,9,35938,0,86,7,6,41,,12,83,1,
KOR,Asia,South Korea,2021-04-15,112789,672,646,1790,2,4,2200,13,13,35,0,0,1,,,,,,,,,50144,8220905,160,1,40925,1,0,63,people tested,1443240,1382580,60660,93784,39174,3,3,0,764,58,51269183,528,43,14,9,35938,0,86,7,6,41,,12,83,1,
KOR,Asia,South Korea,2021-04-16,113444,655,643,1794,4,4,2213,13,13,35,0,0,1,,,,,,,,,41544,8262449,161,1,40750,1,0,63,people tested,1546958,1486098,60860,103718,48143,3,3,0,939,58,51269183,528,43,14,9,35938,0,86,7,6,41,,12,83,1,
KOR,Asia,South Korea,2021-04-17,114115,671,651,1797,3,4,2226,13,13,35,0,0,1,,,,,,,,,,,,,39005,1,0,60,people tested,1576368,1515508,60860,29410,50932,3,3,0,993,58,51269183,528,43,14,9,35938,0,86,7,6,41,,12,83,1,
KOR,Asia,South Korea,2021-04-18,114646,531,643,1801,4,4,2236,10,13,35,0,0,1,,,,,,,,,,,,,39890,1,0,62,people tested,1581234,1520374,60860,4866,51584,3,3,0,1006,58,51269183,528,43,14,9,35938,0,86,7,6,41,,12,83,1,7
KOR,Asia,South Korea,2021-04-19,115195,549,644,1802,1,4,2247,11,13,35,0,0,1,,,,,,,,,,8344058,163,,40932,1,0,64,people tested,1704197,1643335,60862,122963,63673,3,3,0,1242,58,51269183,528,43,14,9,35938,0,86,7,6,41,,12,83,1,
KOR,Asia,South Korea,2021-04-20,115926,731,644,1806,4,3,2261,14,13,35,0,0,1,,,,,,,,,47944,8392002,164,1,39581,1,0,62,people tested,1835571,1774696,60875,131374,76098,4,3,0,1484,58,51269183,528,43,14,9,35938,0,86,7,6,41,,12,83,1,
KOR,Asia,South Korea,2021-04-21,116661,735,649,1808,2,3,2275,14,13,35,0,0,1,,,,,,,,,38381,8430383,164,1,37089,1,0,57,people tested,1968254,1907353,60901,132683,88400,4,4,0,1724,58,51269183,528,43,14,9,35938,0,86,7,6,41,,12,83,1,
KOR,Asia,South Korea,2021-04-22,117458,797,667,1811,3,3,2291,16,13,35,0,0,1,,,,,,,,,39983,8470366,165,1,35637,1,0,53,people tested,2118690,2039248,79442,150436,96493,4,4,0,1882,58,51269183,528,43,14,9,35938,0,86,7,6,41,,12,83,1,
KOR,Asia,South Korea,2021-04-23,118243,785,686,1812,1,3,2306,15,13,35,0,0,1,,,,,,,,,43225,8513591,166,1,35877,1,0,52,people tested,2298520,2199462,99058,179830,107366,4,4,0,2094,58,51269183,528,43,14,9,35938,0,86,7,6,41,,12,83,1,
KOR,Asia,South Korea,2021-04-24,118887,644,682,1813,1,2,2319,13,13,35,0,0,1,,,,,,,,,41063,8554654,167,1,37857,1,0,56,people tested,2369386,2264555,104831,70866,113288,5,4,0,2210,58,51269183,528,43,14,9,35938,0,86,7,6,41,,12,83,1,
KOR,Asia,South Korea,2021-04-25,119387,500,677,1817,4,2,2329,10,13,35,0,0,1,,,,,,,,,22577,8577231,167,0,37197,1,0,55,people tested,2376040,2270842,105198,6654,113544,5,4,0,2215,58,51269183,528,43,14,9,35938,0,86,7,6,41,,12,83,1,3
KOR,Asia,South Korea,2021-04-26,119898,511,672,1820,3,3,2339,10,13,35,0,0,1,,,,,,,,,17664,8594895,168,0,35834,1,0,53,people tested,2540453,2413652,126801,164413,119465,5,5,0,2330,58,51269183,528,43,14,9,35938,0,86,7,6,41,,12,83,1,
KOR,Asia,South Korea,2021-04-27,120673,775,678,1821,1,2,2354,15,13,36,0,0,1,,,,,,,,,50206,8645101,169,1,36157,1,0,53,people tested,2739238,2590647,148591,198785,129095,5,5,0,2518,58,51269183,528,43,14,9,35938,0,86,7,6,41,,12,83,1,
KOR,Asia,South Korea,2021-04-28,121351,678,670,1825,4,2,2367,13,13,36,0,0,1,,,,,,,,,44231,8689332,169,1,36993,1,0,55,people tested,2991801,2822765,169036,252563,146221,6,6,0,2852,58,51269183,528,43,14,9,35938,0,86,7,6,41,,12,83,1,
KOR,Asia,South Korea,2021-04-29,122007,656,650,1828,3,2,2380,13,13,36,0,0,1,,,,,,,,,36055,8725387,170,1,36432,1,0,56,people tested,3284105,3085029,199076,292304,166488,6,6,0,3247,58,51269183,528,43,14,9,35938,0,86,7,6,41,,12,83,1,
KOR,Asia,South Korea,2021-04-30,122634,627,627,1831,3,3,2392,12,12,36,0,0,1,,,,,,,,,40394,8765781,171,1,36027,1,0,57,people tested,3590856,3362023,228833,306751,184619,7,7,0,3601,58,51269183,528,43,14,9,35938,0,86,7,6,41,,12,83,1,
KOR,Asia,South Korea,2021-05-01,123240,606,622,1833,2,3,2404,12,12,36,0,0,1,,,,,,,,,32395,8798176,172,1,34789,1,0,56,people tested,3638719,3402173,236546,47863,181333,7,7,0,3537,58,51269183,528,43,14,9,35938,0,86,7,6,41,,12,83,1,
KOR,Asia,South Korea,2021-05-02,123728,488,620,1834,1,2,2413,10,12,36,0,0,1,,,,,,,,,13451,8811627,172,0,33485,1,0,54,people tested,3640594,3403734,236860,1875,180651,7,7,0,3524,58,51269183,528,43,14,9,35938,0,86,7,6,41,,12,83,1,4
KOR,Asia,South Korea,2021-05-03,124269,541,624,1840,6,3,2424,11,12,36,0,0,1,,,,,,,,,14677,8826304,172,0,33058,1,0,53,people tested,3757323,3489882,267441,116729,173839,7,7,1,3391,53,51269183,528,43,14,9,35938,0,86,7,6,41,,12,83,1,
KOR,Asia,South Korea,2021-05-04,124945,676,610,1847,7,4,2437,13,12,36,0,0,1,,,,,,,,,52755,8879059,173,1,33423,1,0,55,people tested,3863335,3564655,298680,106012,160585,8,7,1,3132,53,51269183,528,43,14,9,35938,0,86,7,6,41,,12,83,1,
KOR,Asia,South Korea,2021-05-05,125519,574,595,1851,4,4,2448,11,12,36,0,0,1,,,,,,,,,36015,8915074,174,1,32249,1,0,54,people tested,3893988,3569996,323992,30653,128884,8,7,1,2514,53,51269183,528,43,14,9,35938,0,86,7,6,41,,12,83,1,
KOR,Asia,South Korea,2021-05-06,126044,525,577,1860,9,5,2458,10,11,36,0,0,1,,,,,,,,,18863,8933937,174,0,29793,1,0,52,people tested,4024978,3627469,397509,130990,105839,8,7,1,2064,50,51269183,528,43,14,9,35938,0,86,7,6,41,,12,83,1,
KOR,Asia,South Korea,2021-05-07,126745,701,587,1865,5,5,2472,14,11,36,0,0,1,,,,,,,,,38521,8972458,175,1,29525,1,0,50,people tested,4149786,3675461,474325,124808,79847,8,7,1,1557,50,51269183,528,43,14,9,35938,0,86,7,6,41,,12,83,1,
KOR,Asia,South Korea,2021-05-08,127309,564,581,1874,9,6,2483,11,11,37,0,0,1,,,,,,,,,38449,9010907,176,1,30390,1,0,52,people tested,4189441,3687569,501872,39655,78675,8,7,1,1535,50,51269183,528,43,14,9,35938,0,86,7,6,41,,12,83,1,
KOR,Asia,South Korea,2021-05-09,127772,463,578,1875,1,6,2492,9,11,37,0,0,1,,,,,,,,,13584,9024491,176,0,30409,1,0,53,people tested,4194179,3687572,506607,4738,79084,8,7,1,1543,50,51269183,528,43,14,9,35938,0,86,7,6,41,,12,83,1,
KOR,Asia,South Korea,2021-05-10,128283,511,573,1879,4,6,2502,10,11,37,0,0,1,,,,,,,,,14170,9038661,176,0,30337,1,0,53,people tested,4285215,3701032,584183,91036,75413,8,7,1,1471,50,51269183,528,43,14,9,35938,0,86,7,6,41,,12,83,1,
KOR,Asia,South Korea,2021-05-11,128918,635,568,1884,5,5,2515,12,11,37,0,0,1,,,,,,,,,40995,9079656,177,1,28657,1,0,50,people tested,4374548,3709571,664977,89333,73030,9,7,1,1424,50,51269183,528,43,14,9,35938,0,86,7,6,41,,12,83,1,
KOR,Asia,South Korea,2021-05-12,129633,715,588,1891,7,6,2528,14,11,37,0,0,1,,,,,,,,,37604,9117260,178,1,28884,1,0,49,people tested,4463534,3715661,747873,88986,81364,9,7,1,1587,50,51269183,528,43,14,9,35938,0,86,7,6,41,,12,83,1,
KOR,Asia,South Korea,2021-05-13,130380,747,619,1893,2,5,2543,15,12,37,0,0,1,,,,,,,,,36376,9153636,179,1,31386,1,0,51,people tested,4550165,3724295,825870,86631,75027,9,7,2,1463,50,51269183,528,43,14,9,35938,0,86,7,6,41,,12,83,1,
KOR,Asia,South Korea,2021-05-14,131061,681,617,1896,3,4,2556,13,12,37,0,0,1,,,,,,,,,32447,9186083,179,1,30518,1,0,50,people tested,4641187,3735191,905996,91022,70200,9,7,2,1369,50,51269183,528,43,14,9,35938,0,86,7,6,41,,12,83,1,
KOR,Asia,South Korea,2021-05-15,131671,610,623,1900,4,4,2568,12,12,37,0,0,1,,,,,,,,,33795,9219878,180,1,29853,1,0,48,people tested,4672641,3736485,936156,31454,69029,9,7,2,1346,50,51269183,528,43,14,9,35938,0,86,7,6,41,,12,83,1,
KOR,Asia,South Korea,2021-05-16,132290,619,645,1903,3,4,2580,12,13,37,0,0,1,,,,,,,,,15073,9234951,180,0,30066,1,0,47,people tested,4677636,3736492,941144,4995,69065,9,7,2,1347,50,51269183,528,43,14,9,35938,0,86,7,6,41,,12,83,1,
KOR,Asia,South Korea,2021-05-17,132818,528,648,1904,1,4,2591,10,13,37,0,0,1,,,,,,,,,16545,9251496,180,0,30405,1,0,47,people tested,4791382,3749859,1041523,113746,72310,9,7,2,1410,50,51269183,528,43,14,9,35938,0,86,7,6,41,,12,83,1,
KOR,Asia,South Korea,2021-05-18,133471,653,650,1912,8,4,2603,13,13,37,0,0,1,,,,,,,,,40095,9291591,181,1,30276,1,0,46,people tested,4945741,3762324,1183417,154359,81599,10,7,2,1592,50,51269183,528,43,14,9,35938,0,86,7,6,41,,12,83,1,
KOR,Asia,South Korea,2021-05-19,134117,646,641,1916,4,4,2616,13,12,37,0,0,1,,,,,,,,,32559,9324150,182,1,29556,1,0,46,people tested,5040627,3764139,1276488,94886,82442,10,7,2,1608,50,51269183,528,43,14,9,35938,0,86,7,6,41,,12,83,1,
KOR,Asia,South Korea,2021-05-20,134678,561,614,1922,6,4,2627,11,12,37,0,0,1,,,,,,,,,14335,9338485,182,0,26407,1,0,43,people tested,5264114,3776390,1487724,223487,101993,10,7,3,1989,50,51269183,528,43,14,9,35938,0,86,7,6,41,,12,83,1,
KOR,Asia,South Korea,2021-05-21,135344,666,612,1926,4,4,2640,13,12,38,0,0,1,,,,,,,,,34479,9372964,183,1,26697,1,0,44,people tested,5504000,3790810,1713190,239886,123259,11,7,3,2404,50,51269183,528,43,14,9,35938,0,86,7,6,41,,12,83,1,
KOR,Asia,South Korea,2021-05-22,135929,585,608,1931,5,4,2651,11,12,38,0,0,1,,,,,,,,,30444,9403408,183,1,26219,1,0,43,people tested,5544893,3795941,1748952,40893,124607,11,7,3,2430,50,51269183,528,43,14,9,35938,0,86,7,6,41,,12,83,1,
KOR,Asia,South Korea,2021-05-23,136467,538,597,1934,3,4,2662,10,12,38,0,0,1,,,,,,,,,10656,9414064,184,0,25588,0,0,43,people tested,5547817,3796159,1751658,2924,124312,11,7,3,2425,50,51269183,528,43,14,9,35938,0,86,7,6,41,,12,83,1,
KOR,Asia,South Korea,2021-05-24,136983,516,595,1938,4,5,2672,10,12,38,0,0,1,,,,,,,,,18845,9432909,184,0,25916,1,0,44,people tested,5724647,3867986,1856661,176830,133324,11,8,4,2600,50,51269183,528,43,14,9,35938,0,86,7,6,41,,12,83,1,
KOR,Asia,South Korea,2021-05-25,137682,699,602,1940,2,4,2685,14,12,38,0,0,1,,,,,,,,,42720,9475629,185,1,26291,1,0,44,people tested,5896346,3946202,1950144,171699,135801,12,8,4,2649,50,51269183,528,43,14,9,35938,0,86,7,6,41,,12,83,1,
KOR,Asia,South Korea,2021-05-26,138311,629,599,1943,3,4,2698,12,12,38,0,0,1,,,,,,,,,32760,9508389,185,1,26320,1,0,44,people tested,6051731,4033908,2017823,155385,144443,12,8,4,2817,50,51269183,528,43,14,9,35938,0,86,7,6,41,,12,83,1,
KOR,Asia,South Korea,2021-05-27,138898,587,603,1946,3,3,2709,11,12,38,0,0,1,,,,,,,,,34645,9543034,186,1,29221,1,0,48,people tested,6768708,4695695,2073013,716977,214942,13,9,4,4192,50,51269183,528,43,14,9,35938,0,86,7,6,41,,12,83,1,
KOR,Asia,South Korea,2021-05-28,139431,533,584,1951,5,4,2720,10,11,38,0,0,1,,,,,,,,,36550,9579584,187,1,29517,1,0,51,people tested,7378769,5240563,2138206,610061,267824,14,10,4,5224,50,51269183,528,43,14,9,35938,0,86,7,6,41,,12,83,1,
KOR,Asia,South Korea,2021-05-29,139910,479,569,1957,6,4,2729,9,11,38,0,0,1,,,,,,,,,30217,9609801,187,1,29485,1,0,52,people tested,7552262,5405176,2147086,173493,286767,15,11,4,5593,50,51269183,528,43,14,9,35938,0,86,7,6,41,,12,83,1,
KOR,Asia,South Korea,2021-05-30,140340,430,553,1959,2,4,2737,8,11,38,0,0,1,,,,,,,,,11320,9621121,188,0,29580,1,0,54,people tested,7557077,5409904,2147173,4815,287037,15,11,4,5599,50,51269183,528,43,14,9,35938,0,86,7,6,41,,12,83,1,
KOR,Asia,South Korea,2021-05-31,140799,459,545,1963,4,4,2746,9,11,38,0,0,1,,,,,,,,,12084,9633205,188,0,28614,1,0,52,people tested,7971271,5796787,2174484,414194,320946,16,11,4,6260,50,51269183,528,43,14,9,35938,0,86,7,6,41,,12,83,1,
